100
0	0	0	0	0	0	0	0	0	0	0	0	0	0	0	0	0	0	0	0	0	1448	0	1142	0	0	0	1081	0	0	0	0	1239	0	0	0	0	0	0	0	0	0	0	0	0	0	0	0	0	0	0	0	0	0	0	0	0	0	0	0	0	589	512	0	0	0	0	0	0	0	0	0	0	0	0	683	0	0	0	0	0	0	0	0	0	0	0	0	0	0	0	0	0	0	0	0	1319	0	0	0	
0	0	0	604	0	0	0	0	0	0	0	0	0	0	0	0	0	0	0	0	0	0	0	0	0	0	0	0	0	0	0	0	0	0	0	0	0	0	0	0	0	0	1339	0	0	0	0	0	0	0	0	0	1489	0	0	0	0	0	0	0	0	0	0	0	0	0	0	0	0	0	0	0	0	0	0	0	1009	1102	0	0	0	0	0	0	0	0	0	0	0	0	0	942	0	0	0	0	0	0	0	0	
0	0	0	0	0	0	0	0	0	0	0	0	0	0	0	0	0	0	0	1235	0	734	1481	0	1108	0	677	0	0	0	0	0	0	0	0	0	0	0	0	0	0	0	972	0	0	0	0	0	0	0	0	0	0	0	0	0	0	0	0	0	0	0	1445	0	0	0	0	0	0	0	0	0	0	0	0	0	0	0	0	0	0	0	0	0	0	0	0	0	0	0	1248	0	0	0	0	0	0	0	0	0	
0	0	0	0	0	0	0	0	0	0	0	0	0	0	0	0	0	0	0	0	0	0	0	0	0	0	0	0	0	0	586	0	0	0	0	0	0	0	0	0	1375	989	0	0	0	0	0	0	0	0	745	0	1238	0	0	0	0	0	0	0	0	0	0	0	0	0	0	0	0	0	735	1219	0	0	0	0	0	0	0	0	0	684	0	0	0	0	0	0	0	0	0	0	0	0	0	0	0	0	0	0	
0	0	0	0	0	0	0	0	0	0	0	0	0	0	0	0	0	0	732	0	0	0	0	0	0	0	0	0	0	0	0	0	0	1219	0	0	0	0	0	0	0	0	1472	0	1461	0	0	0	0	0	0	0	796	0	0	0	0	0	755	1466	690	0	0	0	0	0	0	0	0	0	0	0	0	0	0	0	0	0	0	0	0	0	0	0	0	0	0	0	1004	0	0	0	0	0	0	0	884	0	1287	0	
0	0	0	0	0	0	659	0	0	0	0	0	0	651	0	0	0	1134	0	0	0	0	0	0	0	0	0	0	0	0	0	0	0	643	0	0	0	0	0	0	0	0	0	0	0	0	0	0	0	0	0	0	0	0	0	0	0	0	0	0	0	0	0	0	0	0	0	1062	975	0	0	0	0	0	0	1279	0	0	0	0	0	696	0	0	0	0	0	0	0	0	589	0	915	0	0	0	0	1045	0	0	
1348	0	0	0	0	1248	0	0	0	0	0	0	1288	0	0	0	0	0	0	0	0	0	0	1420	0	0	0	529	0	0	0	0	0	0	899	0	0	0	0	0	555	0	1235	0	0	0	0	0	0	0	0	0	0	661	0	0	0	0	0	0	0	0	0	1249	0	0	0	0	0	0	0	711	557	0	0	0	0	0	565	0	1374	0	0	0	0	0	0	0	0	1014	0	0	0	0	0	0	678	1291	0	0	
0	0	0	0	0	988	0	0	0	0	0	0	0	873	0	0	1019	0	0	0	0	0	0	0	0	0	0	0	0	0	0	0	0	0	0	0	0	0	0	0	0	0	0	0	0	1491	0	0	0	0	0	0	0	0	0	0	0	0	0	0	0	0	0	0	0	1377	0	0	0	0	0	0	0	0	0	936	1475	0	0	0	0	0	0	0	0	0	0	0	661	0	0	0	0	0	0	0	0	0	0	0	
0	0	657	0	0	0	0	0	0	0	0	0	0	0	0	0	0	0	0	0	0	0	0	0	0	0	0	0	0	0	0	0	749	0	0	0	0	0	0	0	0	1442	0	0	0	0	0	0	1322	0	0	1384	0	0	0	0	0	0	0	0	0	0	0	0	0	0	0	0	0	0	0	0	0	0	0	0	0	0	1478	0	1373	1203	0	0	0	1414	1268	0	0	0	0	0	0	0	0	0	0	1102	0	0	
0	0	0	0	0	0	0	0	0	0	0	0	0	0	0	0	754	0	0	0	0	0	0	0	0	0	0	0	0	0	0	0	0	0	0	0	0	0	0	0	0	0	0	0	0	0	0	0	0	0	0	0	1170	0	0	0	514	776	0	0	0	0	0	0	0	0	0	0	0	0	0	0	0	0	0	0	0	0	0	0	1410	0	0	623	0	0	0	0	0	0	0	0	0	0	0	0	0	0	0	542	
0	0	0	0	0	0	0	547	883	0	0	0	0	0	0	0	0	0	0	976	0	0	542	0	0	0	0	0	0	0	0	1169	0	0	901	0	0	0	0	0	0	0	0	0	0	0	0	0	0	0	0	0	0	0	0	0	0	0	1056	0	0	0	0	0	0	0	0	0	0	0	0	598	0	0	0	0	0	0	0	0	0	0	0	0	0	0	0	0	0	0	1204	0	0	0	0	0	0	0	0	0	
0	0	0	0	0	0	0	1388	0	0	0	0	539	0	0	1112	0	0	0	0	0	0	833	0	0	0	1368	0	0	0	0	0	0	0	0	904	0	0	0	1063	0	0	0	0	0	0	0	0	0	0	0	0	1296	0	0	0	0	0	1239	0	0	0	0	0	0	1032	0	0	1076	0	0	0	1223	1255	0	0	0	0	1271	0	0	0	0	0	0	0	0	0	0	0	0	0	0	675	0	0	1127	0	0	0	
0	0	0	0	0	0	0	0	0	0	0	0	0	894	0	0	0	0	0	0	0	0	1387	1233	0	0	0	0	1335	0	0	0	0	0	0	0	0	0	0	0	0	0	0	0	0	0	612	0	0	0	0	0	0	0	0	0	771	0	0	945	0	0	0	538	0	0	0	0	0	0	0	0	0	0	0	0	0	0	0	0	0	0	0	0	0	0	0	1132	0	0	0	0	0	0	0	0	719	0	0	0	
0	0	0	0	0	0	0	1481	0	0	0	0	0	0	0	0	1024	0	0	603	0	0	0	0	0	0	0	0	0	0	0	0	0	1230	0	0	0	0	0	0	0	0	0	0	1319	0	0	0	0	0	0	0	0	0	0	0	0	0	0	0	0	0	0	0	0	0	0	0	0	949	0	0	0	0	863	0	0	0	1076	0	0	853	0	0	0	0	0	0	0	0	0	0	0	0	0	0	0	0	0	0	
0	0	0	0	0	0	0	0	1080	0	0	0	0	699	0	0	0	0	0	845	0	0	0	0	0	0	0	0	0	0	0	0	0	0	0	0	0	0	0	0	0	0	0	0	0	0	0	1250	0	0	1254	0	0	0	0	0	0	0	0	0	0	0	0	0	0	0	0	0	715	0	0	0	0	0	0	0	0	0	0	0	0	519	0	0	0	0	0	0	0	0	0	0	0	0	0	0	1247	0	1439	1053	
0	0	0	0	0	0	0	0	0	0	0	0	0	0	0	0	0	0	0	0	0	0	0	0	0	0	0	0	0	0	0	0	0	0	0	0	0	1499	0	0	0	1374	0	0	0	655	0	0	0	0	0	0	0	0	0	0	858	0	0	1215	0	0	0	1457	0	0	604	0	0	0	0	0	0	0	0	0	0	0	0	0	0	765	0	0	794	0	0	0	1413	0	0	0	0	652	0	1273	0	0	0	0	
0	0	0	0	0	0	0	0	0	0	0	0	0	0	0	510	0	0	0	1153	0	0	0	0	0	0	0	1236	0	0	0	0	0	0	0	1120	0	0	0	0	0	0	0	0	0	823	0	0	0	0	0	0	0	0	0	1083	1410	0	0	0	0	0	0	0	0	0	0	0	0	0	0	0	548	0	1471	0	0	0	0	647	0	1271	0	0	0	0	0	0	0	0	0	0	0	0	0	0	0	0	0	0	
0	0	0	0	0	0	0	521	0	0	0	520	0	0	0	0	0	0	0	0	0	0	0	0	0	0	0	0	0	0	0	0	0	0	0	0	0	0	0	0	0	0	0	0	0	0	0	0	0	0	0	0	1193	0	0	0	724	0	0	0	0	0	0	0	1473	0	0	0	0	0	0	0	0	0	0	0	0	0	0	0	0	0	0	0	0	0	0	0	1161	0	0	0	0	0	0	0	0	0	0	0	
0	0	0	0	0	0	623	0	0	0	1053	0	0	0	579	0	0	0	0	0	0	624	0	0	903	0	0	0	0	0	0	0	0	0	0	0	0	0	0	1454	0	675	0	0	1443	0	0	0	0	0	0	0	0	0	0	0	0	955	0	0	0	1155	0	0	0	0	1071	0	0	0	1273	662	0	0	0	0	0	0	0	0	0	0	553	0	0	0	0	0	0	0	0	0	0	0	0	0	0	0	0	0	
1091	529	0	0	0	0	0	656	964	0	0	571	0	0	0	0	0	0	0	0	0	0	0	0	0	0	0	0	0	0	1414	0	0	0	0	0	0	0	0	0	0	0	0	0	0	0	0	0	0	519	0	1106	0	0	0	0	0	0	0	0	1404	0	0	0	0	0	790	0	0	0	0	1180	0	0	0	0	0	0	0	0	1022	0	0	0	0	0	0	0	0	1241	0	0	0	0	0	0	0	696	0	0	
0	0	0	0	0	0	0	0	0	0	0	0	0	0	0	709	759	0	0	1489	0	0	0	0	0	564	0	0	0	0	0	0	0	0	0	0	0	0	0	0	0	0	0	0	0	0	0	0	0	0	1139	0	0	0	0	1494	0	0	0	1022	0	0	0	0	0	0	0	0	0	0	0	0	0	0	0	0	0	0	610	0	0	0	0	0	0	0	0	0	0	0	0	0	0	0	0	0	0	0	0	741	
1422	0	0	0	0	0	0	0	0	0	0	0	0	0	0	1240	0	0	0	1141	0	0	0	0	0	0	0	0	0	0	0	0	0	0	0	0	502	0	0	0	0	0	0	0	0	1154	0	0	0	0	0	0	959	0	899	0	0	0	0	718	0	0	0	0	0	0	0	0	0	0	0	0	0	0	0	0	0	597	0	0	0	0	0	0	0	0	0	0	0	0	0	0	0	0	0	0	0	0	0	0	
0	0	1120	959	0	0	0	0	0	0	0	960	0	0	582	547	0	0	0	0	0	0	0	0	0	0	0	1106	763	0	0	0	0	0	0	1160	0	0	0	0	0	0	0	0	0	0	0	0	0	0	0	0	0	0	0	0	0	0	0	0	0	828	0	0	0	1286	0	791	0	0	0	0	0	0	0	0	0	0	0	0	0	1120	0	0	0	0	0	0	0	0	0	0	0	0	573	0	0	0	0	0	
1418	1182	740	0	0	0	0	0	0	0	0	0	0	0	0	0	0	0	1059	0	0	0	1298	0	0	0	0	0	1406	1145	0	0	0	0	0	0	0	0	0	0	0	1452	0	0	0	0	0	0	0	0	695	1228	0	0	0	0	0	0	0	0	0	0	0	0	0	0	0	0	0	0	0	0	0	1016	0	0	0	0	0	0	0	0	0	0	0	0	0	0	0	0	0	0	0	0	0	1387	0	0	0	0	
0	0	0	1271	0	0	0	695	0	0	0	0	0	914	0	0	0	0	0	0	0	0	0	0	0	0	0	1411	0	739	0	983	824	0	0	0	0	0	0	0	975	0	0	0	0	863	0	0	0	0	0	0	0	0	0	0	0	0	0	862	0	0	0	0	0	0	0	0	0	0	623	0	0	0	0	881	0	0	0	0	0	0	0	0	0	0	0	0	0	0	0	1497	1182	945	0	0	0	0	0	0	
0	0	595	0	0	0	0	0	0	0	0	0	0	0	0	0	630	0	0	0	0	0	0	0	0	0	0	0	0	0	0	0	0	0	0	0	0	0	0	0	0	0	0	0	681	606	0	0	0	0	0	0	0	0	0	759	0	0	0	0	0	0	0	0	0	0	0	0	0	0	0	0	0	0	0	0	0	0	0	0	1300	0	0	0	0	0	0	0	0	0	0	0	0	1024	0	0	0	0	1263	0	
0	0	0	0	0	0	0	0	0	0	0	0	0	0	0	0	0	0	0	0	0	877	0	0	0	0	0	0	0	0	0	0	0	0	0	0	0	0	1490	0	0	0	0	0	0	0	0	0	0	0	0	896	0	0	0	0	0	0	720	0	0	0	0	0	0	0	0	0	0	0	0	0	0	0	0	0	0	0	1074	0	0	0	0	0	0	1376	0	0	0	0	0	0	0	0	0	0	0	0	0	0	
0	0	0	0	0	0	0	0	0	0	0	0	0	0	0	0	0	0	0	0	0	0	0	0	0	0	0	0	0	0	0	0	0	0	0	0	0	0	902	0	0	0	0	0	0	0	0	0	0	0	0	0	0	0	0	0	0	0	0	0	533	734	0	0	0	0	0	0	0	0	0	0	0	0	0	0	0	0	0	0	0	0	0	0	0	0	0	0	0	1113	0	0	0	0	0	0	0	1382	0	0	
0	0	0	0	0	0	0	0	551	0	0	0	0	0	0	0	0	0	0	0	0	0	1297	0	0	0	0	0	0	0	0	0	0	0	0	0	0	507	0	0	1498	0	0	0	0	0	0	0	0	0	0	0	631	0	0	0	0	0	935	583	0	1279	0	0	0	0	0	0	0	0	0	0	1399	0	877	0	0	0	0	0	0	0	0	0	0	0	0	0	0	0	0	0	0	0	0	0	0	0	0	0	
0	0	1371	0	657	0	0	0	0	0	0	0	0	0	0	0	0	0	0	0	1067	0	0	0	0	0	0	0	0	0	0	0	0	0	0	0	1123	0	0	0	0	0	0	0	0	0	0	0	0	0	0	0	0	0	0	0	0	0	0	0	0	0	0	0	0	0	0	0	0	0	0	0	0	0	0	0	0	0	0	1069	0	586	0	0	0	0	0	0	0	0	1442	0	0	550	0	0	0	0	0	600	
0	0	0	0	0	0	0	0	0	920	0	0	0	0	0	0	0	0	0	826	0	0	0	0	0	0	0	0	0	0	0	0	0	0	0	0	0	0	0	0	0	0	1217	0	0	0	0	0	0	0	1161	0	0	0	0	0	0	0	0	0	0	0	1054	0	0	1196	0	0	0	1094	861	0	0	0	0	0	0	0	0	872	0	0	0	0	0	691	0	0	0	0	0	0	0	0	0	0	0	0	0	0	
0	0	0	0	0	0	0	0	0	0	1162	0	0	0	0	1226	0	0	0	0	0	0	0	0	0	0	0	0	0	0	0	0	0	0	0	0	0	1363	0	0	0	0	796	0	0	0	0	0	0	0	0	0	0	0	991	0	0	0	0	0	0	0	0	0	0	0	0	0	0	0	0	0	0	0	0	0	626	0	0	0	0	0	0	0	0	0	0	0	0	0	0	0	1140	0	0	0	0	1303	0	0	
0	0	0	0	0	0	0	0	0	0	0	1410	0	0	0	0	0	0	0	0	1161	0	0	0	0	0	0	0	0	0	0	0	0	0	0	0	0	0	889	0	0	0	0	1250	0	0	0	0	0	0	0	0	0	0	0	0	0	0	0	0	0	0	715	0	0	0	0	0	0	0	0	0	0	0	0	0	0	0	0	0	0	0	0	0	1129	0	0	0	0	0	0	0	0	0	0	0	0	0	611	0	
0	0	831	0	0	0	0	0	0	0	0	0	0	0	0	0	0	746	0	0	0	0	0	0	0	1115	0	0	0	0	0	0	0	0	0	0	0	0	0	0	0	0	0	0	0	0	0	0	1405	0	0	0	0	867	0	0	0	0	0	0	0	500	0	0	0	0	1351	0	0	0	0	0	1325	0	0	0	0	0	0	0	0	0	0	0	0	0	0	0	0	0	1380	0	0	0	0	835	0	0	0	1437	
0	0	0	0	535	0	0	0	0	666	0	0	0	0	0	0	0	0	830	0	0	0	0	0	0	0	0	0	0	0	0	0	0	0	0	0	0	0	0	0	0	0	0	0	774	0	0	0	0	0	0	0	0	0	0	0	1382	0	1239	0	0	0	0	0	1187	0	0	0	923	0	0	0	0	1104	0	0	0	0	0	0	0	0	0	0	0	0	0	0	0	0	0	0	0	0	0	0	0	0	0	0	
0	0	0	0	0	0	0	805	0	0	0	0	0	0	0	0	0	0	0	0	0	0	0	0	0	0	0	0	0	1008	1173	974	0	0	0	0	0	0	1376	0	1261	0	0	0	0	1236	0	0	0	0	0	0	0	0	0	0	0	0	0	0	0	0	0	0	0	0	0	0	0	0	0	0	0	0	0	0	0	0	0	504	0	1062	0	0	535	0	0	0	0	0	0	0	0	0	0	0	0	0	0	0	
0	0	0	0	0	0	0	0	0	0	1145	0	0	0	0	0	0	0	0	0	0	1417	0	0	0	0	0	0	0	0	0	0	1429	560	0	0	0	0	0	0	0	0	0	0	0	0	640	0	0	0	0	0	0	0	0	0	0	0	0	0	0	1116	0	0	0	0	0	0	1104	0	0	0	0	0	0	0	0	0	0	0	0	0	0	0	0	0	0	0	0	0	0	0	0	0	0	0	0	0	0	0	
0	0	0	0	0	760	0	1157	0	1288	0	998	0	0	0	515	0	0	0	0	0	0	0	0	0	0	0	0	0	0	0	0	0	0	0	0	0	0	0	0	0	1247	631	0	0	0	0	983	0	0	0	0	0	0	0	0	0	0	0	0	0	819	0	514	0	0	0	0	0	0	0	0	0	0	0	0	0	0	0	0	0	0	0	0	0	0	0	0	0	0	0	0	0	1093	0	0	0	0	0	0	
0	523	0	0	1137	0	0	0	0	0	0	788	902	0	0	1450	0	958	0	0	0	0	0	0	0	0	960	0	0	0	0	0	0	0	0	0	0	0	0	0	0	0	0	0	1381	0	0	0	0	0	1288	0	0	0	0	0	0	0	0	0	816	0	0	1259	0	0	0	0	0	0	0	0	0	0	0	0	0	0	0	0	0	0	0	0	0	0	0	0	0	0	0	0	0	0	0	919	0	0	0	0	
0	0	0	0	876	0	0	1398	0	0	0	0	0	0	0	0	0	0	0	0	0	0	0	0	0	0	0	0	0	0	0	0	0	0	1364	0	0	0	0	0	0	0	0	0	1454	0	0	1361	0	0	0	0	0	0	0	0	0	0	0	0	0	0	0	0	0	0	0	0	0	0	0	0	0	0	922	0	0	941	0	0	0	0	0	0	0	0	0	0	0	0	0	0	0	0	847	0	0	0	0	0	
0	0	0	0	0	991	0	0	0	0	0	0	0	0	0	0	0	0	0	0	0	0	1024	0	0	0	0	0	0	0	0	0	649	0	0	0	0	0	0	0	0	0	0	0	0	0	0	0	0	0	0	0	0	0	0	0	0	0	0	0	0	0	1085	0	1314	0	0	0	0	0	0	0	0	727	0	0	0	1007	0	0	0	0	0	0	0	0	0	0	0	0	0	0	559	0	0	0	0	0	0	0	
0	0	852	0	0	0	0	0	968	0	0	0	0	0	0	0	0	0	0	0	0	0	0	0	0	0	0	0	0	0	0	0	0	1220	0	0	0	0	0	0	0	0	0	648	940	0	0	0	0	949	0	1423	0	0	0	0	0	0	0	0	0	0	0	0	0	0	0	1240	0	0	0	1021	0	0	0	0	0	0	1232	0	0	0	0	0	0	0	0	0	0	0	0	0	0	0	760	1048	0	0	0	0	
0	0	0	0	0	0	0	1245	0	0	0	0	0	0	0	0	0	0	0	1247	0	0	0	0	0	0	0	0	0	0	0	0	0	0	0	0	1001	0	0	0	0	0	0	0	0	0	0	1332	0	0	0	0	0	0	0	0	0	0	0	978	0	0	1204	0	0	0	0	0	0	0	0	0	0	0	617	0	0	0	0	0	0	0	0	0	0	0	0	0	0	0	0	0	0	0	1485	786	0	0	0	0	
0	0	0	0	0	0	0	0	0	0	0	0	0	0	0	0	0	0	1169	0	0	0	0	1287	0	0	0	0	0	0	0	702	0	0	0	0	0	0	0	0	0	0	0	0	0	0	0	543	0	1072	0	0	0	0	0	0	0	0	0	910	0	0	0	0	0	1094	0	0	0	788	0	0	925	0	0	0	0	0	0	0	0	0	0	0	0	1002	0	0	0	0	0	0	0	0	0	0	0	0	0	0	
0	0	0	0	0	0	0	0	0	0	0	0	681	0	0	0	1202	755	0	0	0	0	0	0	0	1485	0	0	0	0	0	0	750	0	0	0	0	0	0	0	0	0	0	0	0	794	0	0	534	0	0	0	0	0	0	0	0	0	0	0	0	0	0	0	0	0	0	0	595	0	0	0	0	1120	0	0	0	0	0	0	0	0	0	0	636	0	0	0	0	0	0	0	0	0	0	0	0	0	0	0	
0	0	0	0	0	0	0	0	0	0	0	0	0	0	0	0	0	0	0	829	0	0	961	0	0	682	1201	0	0	0	0	0	0	0	0	0	0	0	0	0	0	0	0	0	0	0	0	0	0	0	0	0	690	0	0	0	0	0	0	0	0	0	0	0	0	0	0	0	0	0	0	0	0	0	1350	0	0	555	0	0	0	0	0	0	0	0	0	0	0	0	1234	0	0	0	0	0	0	0	0	0	
0	0	0	0	0	0	0	0	0	0	0	0	0	0	0	0	0	0	0	0	0	0	1400	0	0	0	0	0	0	0	0	0	0	0	0	0	0	0	0	0	0	0	0	0	0	0	0	0	0	0	0	0	0	775	0	0	0	0	890	0	0	0	796	0	0	0	0	0	1378	0	0	0	0	0	1340	0	0	0	0	0	830	0	0	0	0	0	0	0	1322	1277	0	0	0	0	0	952	0	0	925	0	
0	0	0	0	1281	0	0	0	0	0	0	0	0	0	0	1112	0	0	0	0	0	670	0	0	0	0	0	0	0	1452	0	0	0	0	0	0	0	0	0	1040	0	0	0	0	0	0	666	0	0	0	0	1237	0	0	0	0	0	0	0	0	0	0	0	0	0	0	0	0	0	0	0	0	0	0	0	0	0	0	0	0	0	0	1338	0	0	0	0	0	0	0	0	0	0	0	0	0	0	0	952	0	
0	0	0	0	0	0	0	0	0	0	0	0	0	0	0	0	0	0	0	0	1037	0	1498	0	545	636	0	0	0	957	0	0	0	0	0	0	0	0	0	0	0	0	0	0	0	0	0	0	0	0	0	0	0	0	0	0	0	0	0	0	0	0	0	0	0	0	0	0	0	835	0	0	0	0	0	1322	0	0	0	0	0	1262	0	0	0	0	0	0	669	0	0	0	1039	1424	0	0	0	0	0	0	
0	1248	0	0	0	0	0	0	0	0	0	0	1188	0	865	0	0	0	0	0	702	768	0	0	802	0	0	0	0	1281	0	738	0	0	0	0	0	0	0	0	0	0	0	721	0	0	0	0	0	0	0	0	0	0	0	0	0	0	0	894	0	0	0	0	0	0	0	0	1431	0	0	0	0	0	0	530	0	0	0	0	0	0	0	0	0	0	0	0	0	0	0	0	0	0	0	0	0	0	0	0	
0	0	0	0	787	0	0	0	0	1262	0	0	0	0	0	0	0	0	0	0	0	0	0	0	0	0	0	0	0	0	0	0	0	0	0	752	0	0	0	0	0	0	0	0	0	0	0	0	0	0	0	0	0	0	0	0	0	0	0	0	0	0	0	1271	0	0	0	0	0	0	1364	0	0	1245	0	0	0	0	0	0	0	0	0	0	0	0	0	0	0	1350	0	0	0	0	582	0	0	0	0	0	
0	0	0	0	0	0	0	0	0	0	0	0	0	0	0	0	0	0	0	0	0	0	0	0	0	0	0	0	0	0	0	1406	0	0	0	1070	0	0	0	0	0	0	0	0	0	0	0	0	0	0	0	0	1002	0	0	0	0	0	0	0	712	1010	0	0	0	0	620	0	0	0	0	0	0	0	0	0	0	0	0	0	0	0	0	0	0	974	0	0	0	0	631	0	0	0	0	0	0	0	0	0	
726	0	0	0	0	0	0	0	0	0	0	0	0	0	0	0	0	871	0	915	941	0	1218	0	0	0	0	0	0	0	0	0	0	1139	0	0	0	0	840	0	0	0	0	650	0	0	0	0	0	0	0	0	0	0	0	0	0	0	0	0	902	0	0	0	0	891	0	0	0	927	0	0	0	0	0	521	0	0	0	0	0	0	0	0	0	0	0	0	0	0	0	0	0	0	0	0	0	0	0	0	
0	0	0	0	0	0	0	0	0	0	0	0	0	0	0	0	0	0	0	0	0	0	0	0	1126	846	0	0	0	0	0	0	1456	0	0	0	0	0	0	0	0	0	0	0	0	1472	0	0	0	0	0	0	0	0	1047	0	0	0	0	0	0	0	0	0	0	934	0	0	885	0	0	0	0	0	0	0	0	0	0	0	0	0	0	0	0	0	0	0	0	0	0	0	0	0	0	0	0	0	0	0	
0	0	0	0	0	0	0	0	0	0	0	0	0	0	0	0	0	0	0	0	0	0	0	0	0	0	0	0	0	0	0	0	0	0	0	0	0	0	0	0	0	0	0	0	1485	0	0	0	0	0	0	0	0	0	0	0	0	0	0	0	0	0	0	0	1026	0	0	0	0	0	0	0	0	0	0	979	0	0	1320	0	0	0	0	0	1265	0	0	0	0	959	0	0	744	0	0	0	0	0	882	0	
0	0	896	1078	0	0	0	0	0	0	0	0	0	0	0	0	0	0	0	0	0	0	0	0	0	0	0	524	0	0	0	0	0	0	0	1049	897	0	0	0	0	0	0	0	0	0	0	0	0	0	842	0	0	0	0	0	0	0	0	0	0	0	0	0	0	0	0	0	0	0	0	0	0	0	0	0	0	0	0	0	0	0	0	0	845	0	0	0	0	0	0	0	0	0	1388	0	0	0	0	0	
0	0	0	0	1048	0	0	0	0	1364	0	0	0	0	0	0	0	1254	0	0	0	0	0	0	0	871	1235	0	0	0	1064	0	0	0	0	870	0	735	0	0	0	0	0	0	0	0	0	0	0	0	0	0	0	1210	0	1203	0	0	0	835	0	0	0	0	0	0	0	0	0	841	0	0	992	0	0	0	514	0	0	0	0	1331	0	0	0	0	0	0	1341	0	509	0	0	0	958	0	0	0	0	0	
0	1253	0	0	0	0	0	0	0	0	0	0	0	0	850	0	0	1062	0	872	0	0	0	0	0	0	0	0	0	0	0	0	0	0	1439	0	0	0	0	807	0	1100	0	0	0	0	0	1471	0	0	0	0	1492	0	0	0	0	0	0	0	0	0	0	0	0	669	1492	0	0	0	0	0	0	0	0	0	0	0	0	0	0	0	0	0	0	0	0	0	0	0	0	0	0	0	0	0	0	0	0	0	
0	1233	0	0	0	0	0	0	0	0	0	0	0	0	0	0	0	561	1215	0	0	0	0	0	0	0	0	0	1435	0	0	0	0	0	0	0	0	0	0	0	0	0	0	0	573	0	1128	0	0	0	0	0	0	0	0	0	0	0	0	1134	0	0	0	0	0	0	0	0	0	0	0	0	0	0	0	0	0	0	0	0	0	0	0	0	0	0	0	0	0	1491	0	0	1350	0	0	0	0	0	0	0	
700	0	0	0	951	0	0	0	0	805	0	0	0	0	0	1223	0	0	0	0	0	0	0	0	0	0	0	0	0	0	0	0	0	0	0	0	0	0	0	849	0	0	0	1368	0	0	0	0	0	0	0	0	0	0	0	0	1476	0	0	0	0	0	0	0	0	0	0	0	0	0	0	866	0	0	0	0	0	0	0	0	0	1352	0	0	0	0	0	744	723	0	0	0	1421	1205	0	0	0	0	0	0	
0	1318	0	0	0	0	0	0	0	0	0	0	0	0	0	802	0	0	0	0	0	0	0	0	0	599	0	0	1420	0	0	0	0	622	0	0	0	0	750	1458	902	0	1443	0	0	0	0	0	0	0	0	0	1390	838	0	0	0	0	0	0	0	0	0	0	0	0	0	0	0	0	0	0	0	0	0	0	0	731	0	0	878	0	0	0	0	0	0	0	1220	0	594	0	0	0	0	0	0	0	0	0	
0	0	0	0	0	0	0	0	0	0	0	0	0	0	1478	0	0	0	0	0	0	0	0	0	0	0	0	0	0	0	0	656	0	0	0	0	0	0	0	0	0	0	0	0	0	0	0	0	0	0	0	0	0	0	0	0	0	0	0	0	0	0	0	0	0	0	1336	0	0	583	0	0	0	0	0	0	0	647	0	0	0	0	0	0	0	0	0	0	0	0	0	0	0	0	0	0	0	0	0	956	
0	0	0	0	0	0	0	1497	0	0	0	0	0	0	0	0	0	0	0	0	0	0	756	0	0	0	0	0	0	0	0	0	0	0	0	0	0	0	0	0	0	0	0	0	0	0	0	0	604	0	0	0	0	0	0	0	0	0	0	0	0	0	0	0	0	0	1436	0	0	0	0	0	0	0	0	0	0	0	0	0	0	0	0	0	0	0	0	557	0	1468	0	0	0	0	0	0	1360	0	0	0	
0	0	0	0	0	0	0	0	0	0	0	0	0	0	0	0	0	0	0	0	1095	0	0	0	0	0	0	0	0	1171	1012	1082	0	1084	868	0	0	0	0	0	0	0	0	0	0	1155	0	0	0	0	0	575	0	0	0	0	0	0	0	0	0	0	0	0	0	0	0	0	0	0	0	0	0	0	0	1453	0	0	0	0	0	0	0	0	0	1434	0	1456	0	0	0	0	0	0	0	0	0	0	0	0	
0	0	0	1449	0	0	0	0	0	0	0	0	0	0	1094	0	0	0	0	0	0	0	537	0	0	0	0	0	668	510	0	0	689	627	1153	0	0	0	0	0	0	0	0	0	0	0	0	0	0	0	0	0	1203	0	1256	0	0	0	0	0	0	0	0	851	0	0	0	0	0	0	1245	953	0	0	0	901	0	0	0	0	0	0	0	0	0	0	0	0	0	0	0	0	0	0	0	0	0	1015	0	0	
0	1389	1392	0	0	0	0	0	0	0	0	0	893	0	0	0	0	0	994	0	0	621	0	0	0	0	0	1270	0	0	1163	0	0	0	0	0	0	0	708	1331	0	0	0	0	0	0	0	0	0	0	0	0	0	0	0	0	0	0	0	0	0	0	0	0	0	0	0	0	1470	0	0	0	0	0	0	0	0	0	0	0	0	0	0	0	0	0	0	0	0	0	0	0	1077	0	0	0	0	0	0	0	
0	0	0	0	0	0	0	0	0	0	0	0	0	0	0	0	0	0	0	0	0	0	0	0	830	0	0	0	0	0	0	0	0	0	0	0	1495	0	0	0	0	0	0	0	781	0	1238	0	0	0	0	0	0	0	0	0	0	0	0	0	0	0	0	1034	0	0	0	0	0	0	0	0	0	0	0	0	0	0	0	0	0	0	0	0	0	0	0	0	0	0	0	0	0	0	0	0	0	0	0	0	
0	0	0	1111	0	0	1270	0	0	0	0	0	0	0	0	0	0	0	0	0	0	0	0	0	0	0	0	0	0	0	0	0	0	0	0	0	0	0	0	0	0	0	0	0	0	0	0	0	0	0	0	0	1454	0	0	0	0	0	0	0	0	0	0	0	0	0	0	0	0	0	0	0	0	0	0	0	0	0	0	0	0	1403	0	0	0	0	0	0	0	0	0	0	0	0	0	0	0	0	0	0	
0	0	0	0	0	0	0	0	0	0	0	0	0	0	0	0	0	0	0	0	0	0	0	0	0	0	0	0	0	0	0	0	1136	0	0	0	0	0	0	0	0	0	0	0	0	0	0	0	0	0	0	0	0	0	0	0	0	0	0	0	0	0	0	0	0	0	1162	0	0	0	0	0	0	0	0	0	0	0	0	0	0	574	0	0	0	0	0	0	0	0	0	0	0	0	0	0	0	0	1238	0	
0	0	0	0	0	0	0	0	0	0	0	0	0	0	0	0	0	867	0	0	0	0	0	0	0	0	0	0	0	0	0	0	0	0	828	0	1236	0	0	0	0	0	0	0	0	0	0	0	0	0	1496	0	0	0	0	0	0	0	0	709	0	0	1147	0	0	0	0	1430	990	0	0	0	1191	0	0	0	0	0	0	0	0	0	0	0	0	0	0	0	0	0	952	0	0	0	0	0	0	0	0	0	
0	0	0	0	0	0	929	0	0	0	672	0	0	0	0	0	0	0	0	0	0	0	543	0	0	0	0	0	0	0	0	0	979	0	0	0	0	0	0	0	0	0	1227	0	0	0	0	0	0	0	0	0	0	0	0	0	0	598	0	0	0	1013	0	0	0	0	0	0	0	0	0	0	0	0	0	0	0	0	0	0	0	0	0	0	0	0	0	0	0	0	0	0	1152	890	0	0	0	0	0	0	
0	0	0	1426	0	0	0	0	0	775	0	0	0	0	0	0	0	1132	0	0	1159	0	0	0	0	0	0	0	0	0	0	0	0	0	0	0	0	0	0	0	0	0	0	0	0	0	0	0	0	0	0	0	0	0	0	0	0	0	0	0	0	706	0	0	0	0	0	0	0	1047	0	0	1405	0	0	0	0	0	0	0	0	0	0	0	0	0	0	0	0	0	0	0	0	0	993	0	0	0	0	0	
0	0	0	0	0	0	0	0	0	0	0	0	0	0	0	0	0	0	0	0	0	0	0	0	0	0	0	0	0	0	0	0	0	0	0	867	0	826	0	0	0	0	966	0	0	1186	0	0	0	0	0	0	0	0	0	0	0	0	0	0	0	0	0	0	898	0	0	596	0	0	0	0	0	0	0	0	0	0	0	0	0	0	0	0	0	0	0	0	0	0	0	0	0	0	0	0	0	0	0	0	
0	0	0	0	0	0	1294	0	0	0	0	0	0	0	510	0	0	0	0	0	0	0	0	0	0	0	0	0	0	0	0	0	0	0	0	0	0	0	0	0	0	0	0	0	0	0	0	0	0	0	0	0	0	619	971	0	1271	0	0	0	0	0	1085	0	0	584	0	0	0	0	548	0	0	0	0	0	0	0	0	0	0	0	1067	941	0	0	0	0	0	0	0	0	1215	0	0	0	0	0	0	0	
0	0	0	0	0	0	0	0	0	957	843	0	0	0	0	0	0	0	0	0	0	0	0	0	0	0	992	0	0	0	0	0	0	0	1430	0	0	0	0	0	0	0	0	0	0	0	571	0	0	0	524	0	0	0	1035	0	0	0	0	0	0	0	0	0	0	0	0	0	0	0	0	0	0	990	0	591	1394	594	0	0	0	0	0	0	0	0	0	1463	0	0	0	0	0	0	0	0	917	0	0	0	
543	0	0	0	0	1129	0	0	0	0	0	0	0	0	1078	0	0	0	0	0	700	0	0	1233	0	0	0	0	0	0	0	0	0	0	0	0	0	0	501	0	1270	0	0	0	0	0	0	0	0	0	0	0	0	0	0	0	0	0	0	0	0	1433	0	0	0	0	0	0	0	0	0	0	0	0	0	0	0	0	0	0	0	0	0	0	0	0	1406	0	0	0	0	0	0	0	0	0	0	0	0	0	
0	0	0	0	1059	0	0	0	0	0	0	1310	0	0	0	0	0	1415	0	0	1491	0	0	0	0	0	0	0	0	0	0	0	0	0	0	0	0	0	0	0	0	0	779	0	0	0	1426	0	0	0	0	0	832	0	0	786	0	0	0	0	0	0	0	0	0	0	0	0	0	0	0	0	0	0	0	0	0	552	0	0	0	0	0	0	940	641	0	0	0	0	0	0	0	0	0	0	0	0	0	0	
509	0	0	0	0	0	0	1050	0	0	0	0	0	0	1483	1102	0	0	0	0	0	0	0	1377	0	0	662	1480	0	0	0	0	988	0	0	0	0	0	0	0	0	0	0	0	1313	0	0	0	1302	0	0	575	0	0	0	550	877	0	741	0	0	0	0	559	1062	0	936	0	0	0	0	1206	0	0	0	0	0	0	0	0	0	0	0	0	0	0	0	1384	0	0	0	0	0	529	0	0	0	0	0	0	
0	0	0	0	0	0	0	0	0	0	1308	1408	0	0	736	0	0	0	0	0	0	0	0	0	0	0	0	0	0	0	0	0	0	0	0	0	0	0	0	0	0	0	0	0	0	0	0	0	0	0	0	0	1101	0	0	0	0	0	0	0	0	0	918	0	0	0	0	1204	1026	0	0	0	0	0	0	0	0	0	0	782	1017	0	0	0	0	0	0	0	0	0	0	0	0	0	0	0	0	0	0	0	
0	0	0	1276	0	871	0	0	0	0	0	0	0	0	0	0	0	0	0	0	651	0	0	0	0	0	0	0	0	0	0	0	0	0	0	0	1106	0	0	0	0	0	1316	0	0	0	0	0	0	0	0	0	578	0	0	0	0	0	0	0	1206	0	0	0	0	0	0	581	0	0	1009	0	0	0	0	1235	0	0	0	0	0	0	0	0	0	0	0	0	0	0	0	0	0	0	0	0	0	0	0	0	
0	0	1130	0	0	0	0	0	1306	0	0	0	0	0	0	0	0	0	0	0	0	0	0	0	0	0	804	0	0	0	1344	0	0	0	0	0	0	0	0	0	0	0	0	0	0	896	0	0	0	0	0	0	0	0	0	0	1064	0	0	0	0	0	0	0	0	0	0	0	1182	0	0	0	0	0	0	0	0	0	0	0	0	0	0	714	0	0	0	0	0	0	0	0	0	0	0	1146	0	0	0	0	
0	0	1251	0	0	0	0	0	0	0	0	0	0	0	0	0	0	0	0	0	0	0	636	0	0	0	0	1399	0	0	0	0	0	0	957	804	0	0	1085	0	0	631	0	563	0	0	698	0	0	0	0	0	0	0	0	0	0	0	0	0	0	997	0	1188	0	0	0	0	0	0	0	0	0	0	0	0	0	0	0	0	0	0	0	0	0	0	0	0	0	0	1227	0	0	1282	0	0	0	0	0	1351	
0	0	0	0	0	903	0	0	0	0	0	0	0	577	0	0	0	0	0	0	0	0	0	0	0	0	0	0	1083	0	0	0	0	0	0	0	0	0	0	0	0	0	0	0	0	1187	0	0	974	0	0	0	0	0	0	0	0	0	0	0	0	0	0	0	0	0	0	0	0	861	0	0	0	810	0	948	0	0	947	0	0	0	0	0	0	0	0	0	1308	0	0	0	0	0	0	1498	835	0	0	0	
1242	0	802	892	0	0	0	0	0	0	0	1023	0	1239	0	0	0	0	610	0	871	0	0	0	0	0	0	0	0	0	0	0	0	0	0	0	0	0	0	0	841	0	0	0	0	0	0	0	0	0	0	0	0	0	0	0	0	0	0	0	1238	0	0	0	0	0	0	524	0	875	0	0	0	0	0	0	0	0	0	0	0	0	0	0	0	0	0	0	0	0	0	0	0	0	0	0	0	0	0	0	
0	1486	0	0	0	0	0	0	0	0	0	0	627	0	0	0	0	0	0	0	0	0	0	0	0	0	889	0	0	0	0	0	0	0	0	0	0	0	0	0	0	0	1307	0	0	0	0	0	0	0	0	0	0	0	0	0	0	0	0	0	0	0	0	0	0	0	0	0	0	1482	0	0	0	0	0	0	0	0	0	828	0	0	0	0	0	0	0	0	1280	1155	0	0	0	0	0	0	0	0	0	0	
0	0	0	0	0	0	0	0	0	0	0	0	0	0	0	0	0	0	0	0	1089	0	0	0	0	0	0	0	0	0	0	0	0	0	0	0	0	0	0	0	1137	0	0	1373	0	0	934	0	0	0	0	0	0	0	0	0	0	0	0	973	0	0	0	0	0	0	0	0	0	0	0	0	0	0	0	0	0	0	0	0	0	0	942	0	0	0	0	922	0	0	0	0	0	0	0	0	0	0	0	0	
0	0	0	0	0	0	0	0	0	0	0	0	0	0	0	0	0	0	0	0	1285	0	0	0	0	0	0	0	0	0	0	0	0	0	0	0	0	0	0	0	0	0	0	0	0	0	0	0	0	0	0	0	924	0	1226	0	0	0	0	0	0	0	0	0	0	0	740	0	0	655	0	1447	0	0	716	0	0	733	0	0	0	0	0	0	0	0	0	1004	0	0	0	0	0	0	0	0	0	0	0	1253	
0	0	0	1169	0	0	0	0	0	0	0	0	0	0	0	0	0	0	0	0	0	0	0	0	0	0	0	0	0	0	0	0	0	0	0	0	0	0	1010	0	0	0	0	0	0	0	0	0	0	0	0	0	0	0	0	0	1295	0	0	0	0	0	0	0	0	0	0	0	1434	0	0	0	565	0	0	0	0	0	0	0	0	0	0	0	1203	0	0	0	0	0	0	941	0	0	0	0	967	0	985	835	
1150	0	0	0	0	0	0	0	0	551	0	733	0	0	0	0	0	0	0	1331	0	0	0	0	0	0	0	0	0	0	0	0	0	0	0	0	0	0	0	527	0	0	0	0	0	0	0	0	0	0	0	0	0	0	0	0	0	0	0	0	0	0	0	0	0	0	0	0	583	0	0	0	0	0	1474	0	0	1034	0	0	0	0	0	0	0	0	0	0	0	0	0	1257	0	0	0	0	0	0	0	0	
0	0	0	829	0	0	0	0	0	0	0	0	0	0	0	1200	0	0	0	0	0	0	0	1193	0	780	712	0	0	0	0	0	0	0	0	0	0	0	0	0	0	0	0	0	0	627	0	0	528	546	0	0	838	0	0	0	0	0	0	0	0	1134	1145	0	0	0	0	535	0	0	0	0	0	0	1299	0	0	0	0	0	0	0	584	0	0	0	0	0	1317	0	0	1354	0	0	0	0	0	0	0	0	
0	0	1122	0	0	0	0	0	0	0	0	0	0	0	0	0	0	0	0	0	0	0	0	0	0	0	1178	0	0	0	1097	0	0	0	0	777	0	0	0	0	0	1313	0	0	0	0	0	1057	0	0	1222	0	0	0	0	636	532	0	0	0	0	0	0	0	0	0	0	0	0	0	0	0	0	0	0	0	0	0	0	0	0	0	0	0	0	0	0	0	0	0	0	0	0	0	0	0	0	0	0	0	
0	0	0	0	0	0	0	1499	1111	0	1038	0	0	0	0	0	0	0	0	0	0	0	0	0	0	0	0	0	528	0	675	0	0	0	0	0	0	0	0	0	0	0	1401	0	0	0	0	0	0	0	0	0	0	952	0	1285	0	0	0	0	0	0	0	0	0	0	0	0	0	0	0	0	0	0	0	976	0	0	1339	0	0	0	0	0	0	0	0	0	0	0	0	0	0	0	0	0	0	0	0	0	
0	0	0	0	0	0	0	0	0	0	0	674	0	0	0	1018	667	0	0	0	0	0	0	0	0	0	0	538	0	890	0	0	0	0	0	0	0	0	0	0	0	0	0	0	0	0	0	0	0	0	0	0	0	0	0	0	0	0	0	0	0	0	0	0	0	0	0	0	0	0	0	0	0	0	0	0	0	0	0	0	1002	0	0	0	0	0	0	940	0	0	1398	0	0	0	0	0	0	0	0	0	
0	0	0	0	0	0	0	0	0	0	0	0	1190	0	0	0	0	0	0	0	0	0	0	0	0	0	934	0	914	0	0	0	0	0	0	0	0	0	0	0	1219	0	0	0	0	0	0	993	0	0	0	0	0	0	0	0	0	0	0	0	0	1045	0	0	0	0	0	0	0	0	0	0	0	0	0	0	0	0	0	0	0	1179	0	0	0	0	0	882	0	0	0	0	0	0	0	0	0	0	0	0	
0	0	0	0	0	0	0	0	0	0	0	0	0	0	1286	0	0	0	0	0	0	0	0	0	0	0	0	0	0	0	0	0	0	0	0	0	819	0	0	0	0	0	0	0	0	0	1109	0	0	0	0	0	0	0	0	0	0	0	0	0	0	0	0	0	0	0	0	0	0	0	0	0	0	860	0	0	0	0	0	0	0	0	0	0	0	0	0	0	0	0	0	0	942	0	0	1312	0	0	0	0	
0	0	0	0	0	0	0	0	0	0	0	0	0	0	0	0	0	0	0	0	0	0	0	0	779	0	0	0	0	0	0	0	0	0	0	0	0	0	0	0	547	0	0	0	659	595	0	0	0	0	711	0	0	0	0	0	0	0	0	0	0	0	0	0	0	740	0	0	0	603	0	0	0	0	0	0	0	1340	0	0	0	0	0	0	0	0	0	0	0	0	807	0	0	0	0	0	0	0	0	1406	
970	0	0	0	0	0	0	0	0	0	0	0	1300	0	0	0	699	0	0	0	0	0	0	1323	0	0	0	0	0	0	0	0	0	0	0	0	0	0	0	0	0	0	0	0	0	0	0	0	0	0	0	0	0	0	0	0	0	0	0	0	0	0	0	0	0	0	1341	0	0	0	0	0	0	0	0	0	0	0	0	0	0	0	0	0	0	0	0	0	0	0	0	0	0	0	0	0	0	0	849	0	
0	0	0	0	0	0	0	0	0	0	0	0	0	0	0	0	0	0	0	0	1002	0	0	0	945	0	0	0	0	0	0	0	0	0	0	0	0	0	0	0	0	0	0	0	0	0	0	915	0	0	750	0	0	0	0	0	0	0	0	867	0	0	0	0	0	0	0	1305	0	0	0	0	0	0	0	0	0	0	0	0	0	0	0	0	0	0	0	0	0	0	0	0	0	0	0	0	0	0	0	0	
0	0	973	0	0	0	0	0	0	0	0	0	0	0	0	0	0	0	0	0	0	0	0	0	0	0	0	0	0	0	0	0	0	0	1444	0	0	0	0	0	0	0	0	0	0	0	0	891	0	0	1443	0	0	0	0	586	0	1355	0	0	0	0	0	0	0	0	0	0	0	0	0	0	515	0	0	0	0	0	0	0	0	0	0	0	0	0	0	0	0	0	0	0	0	0	0	0	0	0	0	0	
0	0	568	0	0	0	0	0	0	0	0	0	0	0	0	0	0	0	0	0	0	0	1437	0	0	0	0	0	737	0	0	0	0	0	0	0	0	0	0	0	0	0	0	0	0	0	0	899	0	0	0	0	0	0	0	0	0	0	0	0	0	0	0	0	0	0	0	0	0	0	0	0	984	0	0	0	0	0	0	0	950	0	0	0	0	0	0	0	0	0	0	0	0	0	0	0	0	708	0	0	
