100
0	0	0	0	0	1331	0	0	0	0	537	0	739	0	0	0	0	0	0	0	0	0	0	889	0	0	0	0	0	0	0	595	0	0	0	0	0	0	0	0	0	0	0	0	0	0	0	0	0	0	0	0	0	0	0	0	0	0	865	0	0	0	0	0	0	0	0	0	0	748	0	661	0	0	1451	0	0	0	0	0	0	0	0	0	0	1265	592	0	1052	1162	0	0	0	0	0	0	0	0	0	0	
0	0	0	0	0	0	0	0	0	0	0	0	0	1192	0	0	0	0	0	0	0	0	0	0	0	0	0	0	0	0	0	0	0	0	0	641	0	0	1420	0	587	1272	0	0	723	0	0	0	0	0	0	1374	0	0	0	0	0	0	0	0	0	0	0	1484	0	0	0	0	0	0	0	0	0	0	0	0	0	0	0	0	0	0	534	0	0	0	0	0	0	0	679	0	0	0	0	0	0	0	0	0	
0	0	0	0	0	0	0	0	0	0	0	0	0	0	0	0	1093	0	0	0	0	0	0	0	0	0	0	0	0	876	0	1433	0	0	0	0	0	0	0	0	0	942	0	0	0	0	0	0	0	0	0	0	0	0	0	0	0	0	582	0	0	0	0	0	0	1307	0	694	0	0	0	0	0	0	0	0	0	0	0	960	0	0	0	0	0	0	0	0	0	0	1159	0	0	1159	0	924	0	0	0	0	
0	0	0	0	0	0	0	0	0	0	0	747	1356	0	0	0	1303	0	0	0	0	824	0	0	0	0	0	0	0	0	0	0	0	0	0	0	0	0	0	0	0	0	0	0	0	0	0	0	0	0	0	0	0	0	0	0	0	0	0	1411	0	764	0	683	1178	0	0	0	1429	0	0	0	0	0	0	0	0	0	585	0	0	0	0	0	0	0	0	0	0	1187	0	0	0	0	0	0	777	1440	0	1276	
0	0	0	0	0	0	0	0	0	0	0	0	825	0	0	0	0	0	0	0	1265	0	0	0	0	0	0	0	0	0	0	0	0	0	0	0	0	503	0	929	0	0	0	0	0	0	0	0	0	0	0	0	0	0	0	1134	1166	0	0	1175	0	0	0	0	0	0	0	0	0	0	0	0	0	0	0	0	0	0	0	0	0	0	0	0	0	0	0	0	0	0	0	0	0	0	0	0	0	0	0	0	
1216	1266	964	0	0	0	0	0	1453	0	0	0	0	0	0	1403	0	0	0	1326	0	0	0	0	0	0	0	0	0	0	0	1295	0	0	0	1381	0	0	0	0	0	0	0	0	0	0	0	0	0	1235	0	0	0	960	0	0	0	0	0	0	0	0	0	0	0	0	0	0	0	0	0	0	0	0	0	0	0	621	0	0	0	0	1148	0	0	0	0	0	0	0	0	0	0	0	0	0	0	0	0	0	
0	0	1224	0	0	852	0	980	1142	503	0	0	0	928	0	0	0	0	0	0	0	0	0	0	0	0	0	0	0	0	0	0	0	994	0	0	0	0	0	0	0	0	0	0	0	0	0	0	0	0	1081	0	0	0	974	0	0	0	0	1341	0	0	0	0	0	0	0	0	0	0	0	0	0	0	0	0	0	0	0	0	805	0	0	0	0	0	0	0	0	626	0	0	0	0	0	0	0	0	0	0	
0	0	0	0	0	0	0	0	0	0	0	0	0	0	0	0	0	0	0	0	0	0	0	1106	0	0	1114	0	0	0	0	0	0	0	0	0	0	0	0	0	0	0	0	0	0	0	0	0	0	0	0	0	0	0	0	0	0	0	0	0	0	0	0	0	0	979	0	0	741	1001	0	0	0	0	0	0	0	0	0	0	0	0	0	1303	0	0	0	0	0	0	0	0	0	1264	0	0	0	0	0	0	
0	0	0	0	0	0	0	0	0	0	0	0	0	0	0	0	0	0	0	761	0	0	0	0	1357	0	0	0	0	0	797	0	0	0	0	0	0	0	1127	0	0	515	0	0	0	0	0	0	0	0	0	0	0	0	0	0	0	0	0	0	1353	0	1365	0	0	0	527	0	0	0	0	0	0	0	0	0	0	0	0	0	0	0	0	0	0	1281	0	0	0	1316	0	0	0	0	791	0	0	0	0	0	
0	0	0	0	0	0	1482	0	0	0	0	0	0	0	0	0	0	0	0	0	0	0	0	0	0	0	0	0	0	0	0	0	0	0	0	0	0	0	0	0	0	0	0	0	0	0	0	1027	0	0	1455	0	0	0	0	1330	0	541	0	854	967	0	0	0	0	0	0	0	1457	0	0	0	0	0	689	0	0	0	0	0	0	0	0	0	0	0	1017	0	0	0	0	0	0	0	0	0	634	0	0	0	
1136	0	0	0	0	0	0	0	0	0	0	828	0	0	0	0	0	0	532	0	0	0	0	0	0	0	0	0	0	0	0	0	0	0	0	0	0	0	0	0	0	0	0	0	0	0	0	0	0	813	0	0	0	0	0	0	0	0	0	0	736	0	0	0	0	0	0	0	0	0	0	0	0	0	0	0	0	0	0	0	0	0	0	0	0	667	0	0	0	0	0	0	0	0	0	0	0	0	0	0	
0	0	0	0	0	0	0	0	0	0	0	0	0	0	0	0	0	0	0	0	1352	0	559	0	0	0	0	0	0	0	892	0	0	0	0	0	0	0	0	0	0	0	0	0	0	0	0	0	0	0	0	0	1258	1140	0	0	0	0	0	0	1190	0	1109	0	0	0	0	0	0	513	0	0	0	1246	0	0	1177	0	0	0	0	0	0	0	1088	0	0	0	0	0	0	0	0	0	806	0	0	0	0	0	
0	0	0	0	0	0	719	0	0	0	0	0	0	0	0	0	0	0	0	0	0	0	0	0	0	0	0	0	0	0	0	0	0	0	0	630	0	0	1363	0	563	0	0	0	0	0	0	0	0	0	0	0	0	0	1274	0	0	0	0	0	0	0	0	0	1312	0	0	0	0	931	0	0	0	0	0	0	0	0	0	1486	0	0	0	0	0	0	0	0	0	0	0	0	0	0	873	0	0	0	0	0	
0	0	0	0	0	0	0	0	0	0	0	0	0	0	0	0	0	0	0	0	0	0	0	0	0	0	0	0	0	760	0	0	549	0	0	1113	0	0	0	0	0	0	0	845	0	0	0	0	0	0	0	0	0	0	0	0	0	0	0	0	0	0	0	0	0	0	0	0	0	0	0	0	0	0	0	0	0	0	1465	0	0	0	1176	0	0	0	0	986	0	0	0	1126	0	0	1362	0	0	0	0	816	
706	0	0	0	0	0	0	0	0	0	0	0	0	0	0	0	0	0	0	0	1326	0	0	675	0	0	0	0	1054	0	0	0	0	0	0	0	0	0	0	0	0	0	0	0	0	0	0	0	0	0	0	0	0	0	0	0	0	0	0	1393	0	0	0	0	0	0	0	0	0	1279	0	0	0	0	1270	0	0	0	0	0	0	0	0	0	0	981	0	0	978	0	0	653	0	0	0	1298	0	0	0	0	
0	0	1020	0	0	0	0	0	0	0	0	0	0	0	0	0	0	0	0	559	0	0	0	0	0	0	0	0	0	0	0	0	0	918	0	0	0	0	0	0	0	0	0	0	0	0	0	0	0	0	569	0	0	0	0	0	0	0	0	0	0	0	0	1224	0	0	0	0	0	0	602	0	0	0	0	0	0	0	1102	0	0	0	0	0	530	0	0	0	0	0	0	0	0	1152	0	0	0	0	1496	888	
0	0	0	0	0	0	0	0	0	0	734	0	0	0	0	0	0	0	0	0	0	0	0	0	0	0	0	624	0	0	0	0	0	0	0	0	1145	0	0	0	0	967	0	0	0	0	0	0	0	0	0	0	0	0	0	0	0	0	0	0	0	515	0	0	0	0	0	0	850	0	0	0	0	0	0	0	0	0	0	0	0	529	0	0	0	0	0	0	0	0	0	0	0	0	0	0	0	0	0	0	
0	998	0	511	0	0	0	0	0	1267	0	0	0	0	0	0	0	0	0	665	0	0	0	0	0	0	0	0	0	0	0	0	0	0	0	0	0	0	0	0	0	0	0	0	0	0	0	1033	0	0	504	0	0	0	0	568	0	628	0	0	0	0	0	0	0	0	0	0	0	0	0	0	0	0	0	0	1128	0	0	0	0	762	0	0	0	0	0	0	0	0	0	0	0	0	0	0	0	935	1191	0	
0	0	0	0	0	0	0	0	0	0	0	0	0	0	1344	0	0	1158	0	0	0	1155	0	0	0	0	0	0	0	0	0	0	0	0	0	0	0	0	0	0	0	505	0	0	0	0	0	0	0	0	0	0	0	0	0	0	0	0	0	0	0	0	0	0	1229	1285	0	0	0	525	0	0	0	0	0	0	0	0	0	786	0	0	1330	0	0	0	0	0	0	0	0	0	0	0	0	647	0	0	0	0	
1092	0	0	842	0	0	0	0	0	0	0	0	0	0	0	0	0	0	0	0	0	0	0	0	0	0	0	0	0	0	0	0	0	0	0	0	0	0	0	0	0	1222	0	0	0	0	0	0	0	522	0	0	0	0	999	0	0	0	0	0	0	0	0	0	0	0	0	0	0	0	0	0	0	0	0	0	1472	0	0	0	1139	0	0	0	0	0	0	0	0	0	0	0	0	0	0	0	0	0	0	0	
0	0	0	0	1024	0	0	0	0	0	671	0	0	0	0	0	948	696	0	0	0	0	0	0	0	0	0	0	0	0	0	0	0	973	1297	1068	0	0	0	1478	599	0	0	0	0	1195	0	0	0	0	0	0	0	0	0	0	0	0	0	0	0	0	0	0	0	0	0	0	0	0	0	0	0	0	0	0	0	0	0	0	0	0	0	0	0	0	0	0	0	0	0	0	0	0	0	0	0	0	0	0	
0	0	0	0	0	0	0	0	0	0	0	0	0	0	0	0	0	0	0	0	0	0	0	1118	0	0	0	0	0	0	0	0	859	0	0	0	0	0	0	0	0	0	0	1040	0	0	0	0	1499	0	0	0	1278	0	0	0	0	0	0	0	0	0	0	0	0	1478	0	0	0	0	0	0	0	0	0	0	0	0	0	0	0	0	0	0	0	0	0	0	0	0	0	0	0	0	0	0	0	0	0	0	
0	0	0	0	0	0	0	0	0	0	0	0	0	0	0	0	836	0	0	0	0	0	0	0	0	0	1290	0	0	1157	0	0	0	0	0	0	0	0	0	0	0	1155	0	0	1274	1389	0	0	0	0	1026	0	0	0	1172	1412	0	0	0	0	0	0	0	0	0	0	0	0	0	901	638	0	0	0	1232	0	552	0	0	0	0	1204	0	0	0	0	506	0	0	0	0	0	0	1244	0	0	0	0	0	0	
0	0	0	0	0	0	0	0	0	648	0	0	0	0	696	0	0	0	0	0	0	0	0	0	0	0	0	0	0	0	0	0	0	913	0	792	0	0	1309	0	0	0	0	0	0	0	0	0	0	0	834	0	0	1282	0	0	0	0	0	0	0	0	0	1243	0	0	0	0	0	0	0	0	0	0	0	0	0	0	0	0	0	0	0	0	0	0	0	0	0	1088	0	0	0	0	0	0	0	0	0	0	
0	830	0	0	0	0	0	0	0	0	0	0	0	0	1124	0	0	0	0	0	0	0	0	0	0	0	0	0	0	0	0	0	0	0	0	0	0	0	1302	0	0	0	0	0	875	0	0	0	0	0	0	0	0	0	0	0	0	0	0	0	0	0	0	0	0	0	0	0	0	902	0	0	0	0	0	875	0	0	0	0	0	0	1196	0	518	0	0	0	0	0	0	0	0	0	0	0	0	0	0	0	
0	0	0	0	0	0	0	0	0	0	0	0	0	0	1286	0	0	0	0	0	0	0	0	0	0	0	0	0	0	0	0	0	0	0	1488	0	0	0	0	0	0	0	0	0	0	0	0	0	0	0	694	1195	762	0	0	725	1004	0	620	0	0	0	0	0	928	0	0	0	0	0	0	893	0	0	0	0	0	0	0	0	0	0	711	0	589	0	0	0	0	0	0	0	0	0	1035	888	0	0	0	0	
0	0	0	528	0	0	0	0	1200	0	0	0	0	0	861	0	1442	0	0	0	0	0	0	0	0	0	0	0	0	0	0	1325	0	0	0	0	1432	0	0	0	0	0	0	0	0	952	0	0	0	0	0	615	875	770	0	0	0	0	0	0	0	0	902	0	0	0	0	0	0	0	0	0	0	0	0	0	0	1225	0	0	0	0	0	1313	0	0	0	0	0	546	0	0	0	0	0	0	0	0	0	0	
0	0	0	0	0	0	0	0	0	0	0	0	0	1154	0	0	0	0	0	0	0	0	635	0	784	0	0	0	0	0	0	0	0	0	0	0	0	0	0	0	0	0	0	0	0	0	0	0	0	0	0	0	0	0	0	0	0	713	0	0	0	0	0	0	0	0	0	0	0	0	0	0	0	0	0	0	650	0	0	0	0	0	0	0	0	0	0	0	0	0	0	0	0	0	0	0	0	0	0	0	
0	0	0	0	0	0	0	0	0	0	0	0	0	0	0	0	0	0	0	0	1137	1315	0	1236	0	0	0	1330	0	0	0	0	0	0	0	0	0	0	0	0	0	0	0	0	0	0	0	0	0	0	713	0	0	0	0	0	0	0	0	0	0	0	0	0	0	0	0	0	0	0	0	1297	0	0	0	0	0	0	0	1405	0	938	0	822	1281	0	0	0	0	0	0	0	0	0	0	0	0	0	0	0	
0	0	0	0	0	0	0	0	0	0	0	0	1480	0	0	0	0	0	0	0	0	0	0	0	0	1079	0	0	0	0	0	709	0	0	0	668	0	0	0	1197	0	0	687	0	0	0	0	0	0	0	0	0	0	0	0	0	0	1220	0	0	0	0	0	0	1235	0	0	0	0	0	0	0	0	0	0	0	506	0	0	0	0	0	0	0	0	0	0	0	0	0	0	0	0	0	0	0	0	0	1191	1350	
0	0	0	0	0	0	0	0	0	0	0	0	0	0	965	0	0	0	1169	0	1080	0	0	0	0	0	1410	684	0	0	0	0	918	0	0	0	952	1177	0	0	0	0	0	0	0	0	0	968	0	0	0	0	0	0	0	0	1140	0	0	0	0	0	0	640	0	0	0	0	0	0	0	0	0	810	0	0	0	0	0	0	0	0	0	0	0	0	0	0	0	0	0	0	0	0	0	0	0	0	0	0	
0	0	0	0	0	0	0	0	0	0	0	0	0	0	683	1216	0	0	0	0	0	0	0	0	0	0	0	0	796	0	0	0	0	0	0	0	1429	0	708	0	0	0	0	0	0	0	0	0	0	0	0	0	0	0	0	1092	0	0	0	1428	0	0	0	0	0	835	0	0	1395	0	0	0	0	0	0	0	0	0	0	0	0	0	0	0	0	0	0	0	0	0	0	0	0	0	0	0	929	1436	865	0	
965	699	0	796	0	0	0	0	0	0	0	0	0	0	671	0	0	0	0	0	0	1238	732	0	0	0	0	0	0	0	0	0	0	0	0	0	0	0	0	0	0	0	0	0	0	0	0	0	0	0	0	0	0	0	0	0	0	0	0	0	0	0	0	0	0	0	0	0	0	0	0	0	702	0	825	0	0	0	0	0	0	0	0	0	0	0	0	0	1399	0	0	0	0	0	538	0	0	0	0	0	
0	0	0	1419	0	1277	0	0	0	0	0	0	0	0	0	0	0	921	0	0	0	0	0	0	0	0	0	0	0	0	0	891	0	0	0	0	0	0	0	1258	0	0	0	0	0	0	0	741	0	0	0	0	0	0	0	0	0	0	641	0	1479	0	0	0	0	0	0	0	0	0	0	0	0	1134	0	0	0	1106	0	0	0	0	0	0	0	0	0	0	0	0	910	0	0	0	1429	0	0	0	0	0	
0	0	0	0	0	0	0	0	0	0	0	0	0	0	0	0	0	0	0	0	0	0	0	541	0	0	0	0	0	1194	0	0	0	0	0	0	0	0	0	0	0	0	0	599	0	0	654	1472	0	0	1383	0	0	0	0	0	0	0	0	668	0	0	0	0	0	0	0	0	0	0	0	0	0	0	0	0	0	0	0	705	0	0	0	0	0	0	0	0	0	725	1031	1330	0	0	0	1068	0	0	0	0	
0	0	0	841	0	0	0	0	0	0	0	0	0	0	1089	0	0	576	0	0	805	627	0	0	0	0	0	0	0	0	0	0	0	0	0	0	0	0	0	0	0	0	0	0	0	0	0	0	0	0	0	0	0	0	0	0	0	0	1240	614	0	0	0	0	0	0	0	1375	0	0	0	0	0	0	0	0	0	0	817	0	1367	0	0	0	0	1092	0	0	0	0	0	0	1392	0	0	787	0	0	0	0	
0	868	0	0	0	0	0	746	0	0	0	0	0	595	0	0	0	1243	0	0	0	0	0	0	0	0	0	0	0	0	0	0	0	992	950	0	0	673	0	0	0	0	0	0	0	0	0	0	0	0	0	0	0	0	0	0	0	0	0	0	0	0	0	0	0	0	0	0	0	0	0	0	0	0	0	1173	0	0	715	1088	0	0	0	705	0	0	686	0	0	0	0	542	0	0	1267	1100	0	0	0	0	
0	0	0	0	0	0	0	0	0	0	0	0	0	0	699	1080	1164	1421	741	0	0	0	0	0	0	0	0	0	0	0	0	0	0	0	0	0	0	0	0	0	0	632	0	0	0	0	0	0	1393	0	0	0	0	0	0	0	0	0	0	0	0	0	0	0	0	0	0	0	0	0	0	527	0	0	0	0	0	0	967	1035	0	0	1026	0	0	0	1270	1235	0	0	0	0	0	0	0	0	0	0	0	0	
0	612	0	0	0	0	0	0	0	693	0	0	0	1052	0	0	0	0	0	0	0	0	0	0	0	0	1260	999	0	0	508	0	0	0	0	0	0	0	0	0	0	0	0	0	0	0	0	0	0	0	0	764	0	0	0	691	0	0	0	0	0	0	0	0	0	0	0	0	874	0	0	0	1107	0	0	1351	0	0	0	0	0	0	0	0	0	0	1052	0	0	1039	0	0	0	0	0	0	1450	0	0	0	
0	0	0	815	1462	888	0	589	0	0	0	0	0	0	0	0	0	0	0	0	0	0	0	501	0	0	0	0	0	0	0	0	0	0	949	0	0	0	0	0	0	0	0	0	0	0	0	0	0	0	0	0	0	0	0	0	0	0	0	0	0	0	0	0	0	0	0	0	0	0	0	0	0	0	0	0	0	0	0	0	0	0	0	0	0	0	0	0	0	0	0	1311	0	0	1387	0	0	0	0	0	
1009	0	0	0	0	1283	0	0	0	0	0	0	0	0	0	1234	0	0	0	0	0	0	0	0	0	0	0	0	1036	0	0	0	1184	0	0	0	0	0	0	0	0	0	0	0	0	0	0	0	0	0	0	0	0	0	0	0	0	0	0	0	0	0	0	0	1051	0	0	0	1039	0	0	1044	0	0	0	0	0	0	0	0	0	0	0	0	534	0	0	0	0	0	0	0	0	0	1183	0	0	0	0	0	
0	1029	0	0	0	0	0	0	0	0	0	0	0	0	0	0	0	0	0	0	0	0	0	0	0	0	0	0	0	1081	0	613	0	0	0	0	0	0	1127	0	0	0	0	0	0	0	0	0	0	0	0	0	0	0	0	0	0	0	0	0	716	0	0	1112	0	0	0	0	0	0	0	0	0	0	813	0	0	0	0	0	0	841	0	0	0	0	0	0	0	0	0	0	0	0	0	0	0	0	0	0	
0	0	0	0	0	558	0	0	0	623	0	0	1165	0	0	0	0	0	0	0	0	0	0	0	0	0	0	0	0	0	0	0	0	0	0	0	0	0	0	0	0	0	0	1294	0	0	0	0	0	0	0	0	0	0	0	0	0	0	0	0	0	0	0	0	0	0	0	0	0	0	1479	0	0	0	0	0	0	0	0	0	0	0	0	0	0	0	0	0	0	0	0	0	0	0	0	0	0	0	0	0	
0	0	984	0	638	931	0	1296	0	0	0	0	0	0	0	0	0	0	0	989	0	0	0	0	0	0	0	0	0	0	0	1495	0	0	0	0	0	0	0	0	0	0	0	0	0	0	0	0	0	1288	0	0	0	0	0	0	0	0	0	0	0	0	0	0	0	0	0	0	0	0	508	0	0	0	0	0	0	0	0	0	0	0	0	943	0	0	0	520	0	0	1338	0	0	0	1456	0	0	0	0	0	
0	0	0	0	0	1193	0	0	0	0	0	0	0	0	0	0	0	0	0	0	0	0	0	0	0	0	0	0	0	0	0	0	0	0	0	0	0	0	0	1096	1073	0	0	0	0	0	0	0	0	0	1217	0	0	0	0	0	0	0	0	0	0	0	0	0	0	0	0	1302	0	0	0	0	0	0	0	0	0	0	0	0	0	0	0	0	0	0	0	0	0	0	0	0	0	0	0	0	0	0	0	0	
0	0	0	0	0	0	0	0	0	950	0	0	0	0	0	0	0	0	833	0	0	668	0	0	0	0	0	0	1083	1296	0	0	0	0	808	0	0	0	0	0	0	0	0	0	0	0	0	0	0	0	0	0	0	0	0	0	0	0	0	0	0	736	0	0	0	0	0	0	0	0	820	0	0	0	0	0	0	695	0	0	0	0	0	0	0	0	0	0	0	0	0	0	596	0	0	0	0	0	0	0	
0	0	929	0	0	0	0	0	0	0	0	0	0	0	0	0	0	0	0	0	0	0	0	0	0	907	0	0	0	1188	0	0	0	0	0	0	983	0	0	0	0	0	0	0	0	0	0	0	0	0	0	0	0	0	0	0	0	0	0	0	0	0	0	0	0	0	0	0	0	0	0	1051	0	0	0	0	0	0	0	0	0	0	652	1340	0	0	0	0	0	0	0	0	0	0	0	0	0	0	0	0	
0	0	0	0	1276	0	0	0	0	0	0	0	0	0	0	0	1231	0	0	0	0	0	0	0	0	1101	0	0	0	0	0	0	0	0	0	0	0	785	0	0	0	0	0	0	0	0	0	0	0	0	0	1123	0	0	810	0	0	0	0	1098	0	1020	0	0	0	0	0	0	0	0	0	0	0	0	0	0	0	0	0	0	0	0	0	0	0	0	0	0	0	0	0	0	0	0	0	0	1368	0	0	0	
0	0	0	0	0	0	1202	0	0	0	597	0	0	0	0	0	0	0	0	0	508	0	639	0	0	943	0	0	0	0	0	0	1417	0	0	0	566	0	0	0	562	0	0	0	0	0	0	0	0	0	0	0	0	0	658	0	969	0	0	0	0	1220	0	0	0	0	0	1261	0	0	0	0	0	0	0	0	0	0	0	0	0	0	0	0	0	652	0	0	0	0	0	0	0	0	583	0	0	0	0	0	
0	0	0	0	0	0	0	0	0	503	0	0	0	0	0	0	0	0	0	0	0	0	0	0	0	0	0	0	0	0	0	0	0	1049	1018	0	0	0	0	0	0	0	0	0	0	0	0	0	585	0	0	0	0	1351	0	0	0	0	0	0	0	0	0	0	620	0	0	0	0	0	0	0	0	0	0	0	0	0	0	0	0	0	0	0	0	0	0	0	0	0	0	0	0	0	0	1106	0	0	0	0	
1158	0	0	1368	0	0	0	583	0	766	0	0	0	0	0	0	0	0	687	0	0	0	0	0	0	0	0	0	0	0	0	0	597	0	0	0	0	0	0	0	0	1281	0	0	0	0	0	0	0	0	0	1087	0	0	0	0	1161	0	0	1127	0	0	0	0	0	0	0	0	0	1323	0	0	0	0	0	0	0	0	0	0	0	0	0	0	0	0	0	670	0	0	0	0	0	0	0	0	0	0	0	0	
0	0	0	0	0	0	0	0	0	1324	0	646	0	0	0	0	0	0	0	822	0	0	0	0	0	0	0	0	0	0	0	1373	0	0	0	0	0	0	0	0	0	0	0	0	0	0	0	0	0	0	0	0	0	0	0	0	0	0	0	0	0	0	0	0	0	0	0	0	0	0	0	0	0	0	0	0	0	0	0	0	0	1479	0	0	0	0	0	0	0	0	0	0	0	0	0	0	0	0	1085	0	
0	0	0	0	0	0	0	0	0	0	0	0	0	0	637	0	0	1262	0	0	0	0	0	0	907	0	0	0	0	0	865	0	635	0	0	0	1096	0	0	0	0	0	0	0	0	0	0	1286	0	0	0	0	0	0	0	0	0	0	0	0	0	0	0	0	0	0	0	0	0	0	0	0	0	0	684	0	0	0	0	0	0	0	0	0	0	0	1273	0	0	0	0	0	0	0	0	0	681	0	0	1250	
0	0	0	0	1479	0	0	793	0	1329	814	0	0	926	0	0	0	0	0	0	0	0	0	0	0	0	541	0	0	0	0	0	0	0	0	0	0	0	0	0	0	0	0	0	0	0	0	0	0	0	0	0	0	0	0	0	0	0	0	0	0	0	0	0	0	0	0	0	936	0	0	837	0	0	0	0	0	0	598	0	0	0	0	0	0	0	0	0	0	0	0	834	0	1125	0	0	0	0	0	0	
0	0	1353	0	0	0	0	0	0	0	1047	0	0	0	0	985	0	0	0	0	0	0	0	0	1256	0	0	0	0	0	0	0	0	0	0	834	0	0	0	0	0	0	0	0	0	0	1232	0	0	0	0	0	0	0	0	0	0	0	0	0	0	0	0	0	0	1054	0	0	0	0	1299	0	0	0	0	0	0	0	0	0	0	0	1016	0	0	0	0	0	0	575	0	965	0	0	0	0	0	0	0	1093	
0	0	0	0	0	0	0	0	0	0	0	0	0	0	0	0	0	0	0	0	1167	0	0	1352	755	0	0	0	741	0	0	0	754	0	0	0	0	0	0	1027	507	753	0	0	0	0	0	0	0	1107	0	0	0	0	1485	0	0	0	0	0	0	0	0	0	0	0	0	0	0	0	1156	0	0	0	0	0	0	0	0	0	0	0	524	0	0	0	732	1113	0	811	0	0	0	0	0	0	0	0	0	0	
0	0	0	581	0	0	0	0	0	0	0	0	0	0	0	0	0	0	0	0	0	0	795	0	598	0	0	0	0	0	0	0	0	951	0	0	0	0	0	0	0	0	622	0	0	0	0	0	0	0	0	0	0	696	0	0	0	0	0	0	0	0	0	607	0	0	0	0	0	0	0	1356	0	0	0	0	0	0	0	0	0	1143	0	684	0	0	0	0	0	1438	0	0	0	0	0	0	0	0	0	0	
0	0	1345	0	0	665	0	1321	0	0	0	0	0	0	0	0	801	0	0	0	0	0	0	0	0	0	0	575	0	0	0	0	0	0	0	842	0	0	0	0	0	0	0	0	0	0	0	0	0	0	0	0	0	0	0	0	0	0	0	0	1374	0	0	0	0	0	0	0	0	0	0	0	0	0	0	0	0	0	0	0	0	0	0	0	0	0	0	0	0	0	585	0	0	992	0	1105	0	0	0	0	
0	0	0	527	0	0	0	0	0	0	0	0	0	0	0	0	0	0	0	0	1069	1163	0	0	0	0	0	0	0	0	0	0	0	766	0	0	0	0	0	0	0	0	0	0	0	0	0	0	0	0	0	0	0	0	0	0	0	0	0	0	0	0	0	0	0	0	0	0	0	0	0	0	0	0	0	0	0	0	0	0	0	642	0	0	0	0	0	0	1240	0	0	0	0	0	0	0	1492	0	0	0	
0	0	0	0	0	1152	0	0	0	0	0	0	0	0	686	0	0	0	0	0	0	728	0	0	0	0	776	0	0	0	0	0	0	0	0	0	0	0	0	0	0	1372	0	0	966	0	0	0	0	0	0	0	0	0	0	0	0	774	0	0	1453	0	0	0	0	0	0	0	1461	0	0	0	0	0	0	0	0	0	0	0	0	0	0	0	0	0	0	0	599	0	0	0	0	0	0	0	0	0	0	946	
0	0	0	0	0	0	0	0	0	0	0	0	0	0	919	0	0	0	993	0	609	0	0	0	0	0	734	0	0	0	0	0	0	0	545	0	0	0	0	0	0	0	0	0	0	0	0	0	0	0	0	0	0	785	0	0	0	0	861	598	0	0	0	0	0	0	0	734	680	1436	0	0	0	0	0	0	0	0	0	783	0	0	0	0	0	0	0	0	0	0	0	0	0	0	0	0	0	0	0	0	
0	0	0	0	0	0	0	1045	0	0	0	0	0	0	884	958	0	547	0	0	0	0	0	0	0	0	0	0	0	0	0	0	0	0	0	0	0	0	0	0	0	0	0	0	637	640	0	0	0	0	0	0	0	0	0	0	0	0	1037	0	0	0	0	0	0	0	0	0	0	0	0	0	0	0	0	0	791	0	0	581	0	0	0	682	0	0	1439	0	0	0	0	1054	0	1169	0	0	0	0	0	0	
0	0	0	0	0	0	0	0	0	0	0	0	0	994	0	0	0	0	0	0	0	0	0	0	0	0	0	1127	0	903	0	0	0	0	0	0	0	0	0	0	0	0	0	0	0	0	0	0	0	0	0	0	0	0	0	0	0	0	0	0	0	0	0	0	0	0	0	0	0	0	0	952	0	0	0	0	0	0	0	0	0	0	0	528	0	0	0	0	1187	0	1405	0	954	0	0	0	0	0	0	0	
0	0	0	0	0	0	530	0	1141	0	0	0	0	0	0	0	0	0	0	0	0	0	0	0	0	0	0	0	992	0	0	0	0	0	0	0	0	0	1394	0	0	0	0	0	0	0	0	0	0	0	0	0	0	0	0	534	0	812	0	0	0	0	0	0	0	0	0	0	0	0	0	0	0	0	0	0	0	516	0	0	1403	0	1231	0	0	0	992	0	1245	0	0	0	0	0	0	0	0	0	0	0	
0	0	0	0	0	0	0	0	0	851	0	0	0	0	0	0	0	0	0	0	0	0	0	0	0	697	0	0	1044	0	0	0	0	0	0	0	933	0	0	0	0	0	0	0	0	0	712	0	0	0	0	0	1182	0	1220	0	0	0	0	0	1209	0	1498	0	0	0	675	0	0	0	0	0	0	0	0	0	0	0	0	0	0	0	0	0	0	0	0	0	0	0	0	0	0	0	0	0	0	719	0	0	
0	0	0	0	0	0	578	1242	0	0	929	1330	0	0	0	0	0	712	1478	0	0	0	0	0	0	0	0	0	0	0	0	0	0	0	917	0	0	0	0	0	1448	0	0	0	0	0	0	0	994	0	0	902	0	0	0	0	0	0	0	0	0	0	0	1199	0	0	0	0	0	0	1258	0	0	557	1043	0	0	0	0	0	0	0	0	0	1237	0	0	0	0	0	0	0	0	0	0	0	0	0	0	0	
0	1336	0	0	0	0	0	0	0	0	0	0	0	0	0	0	0	0	0	0	0	0	0	0	0	1425	0	0	0	0	0	0	0	0	0	0	0	0	0	0	573	0	0	0	0	0	0	0	0	0	0	0	0	0	0	0	0	0	0	0	626	0	1277	0	0	0	0	0	0	0	0	0	0	0	0	0	0	0	0	0	0	0	0	0	0	0	0	0	0	0	0	0	0	0	0	0	0	0	0	0	
0	0	0	0	0	558	0	0	0	0	0	0	0	0	0	0	0	0	0	0	0	0	0	0	0	800	0	0	0	0	1111	0	0	0	0	0	0	0	0	867	0	0	0	0	1376	0	0	0	0	0	827	0	1326	0	0	0	0	0	0	0	0	0	0	0	0	0	0	0	0	0	0	0	0	549	1444	0	0	0	921	0	0	0	0	0	0	0	0	0	0	0	0	0	0	0	0	0	674	0	0	0	
0	0	0	0	0	0	0	0	0	0	0	0	0	0	0	0	0	0	0	0	0	0	0	0	0	0	0	0	0	0	1334	0	0	0	0	0	0	0	0	0	0	0	0	0	0	0	533	0	0	0	0	0	0	0	616	0	0	0	0	0	0	0	0	0	0	0	0	0	0	0	0	0	0	0	0	0	0	0	0	0	0	0	0	0	0	0	0	0	0	687	0	0	908	0	0	0	0	0	0	0	
0	0	0	813	0	0	0	0	0	0	0	0	0	0	0	0	0	0	1403	0	676	0	0	0	0	0	0	810	0	0	0	0	0	0	998	0	0	0	0	0	0	0	0	1233	0	0	0	628	0	0	0	0	0	0	0	0	0	0	0	0	0	0	0	0	0	527	0	0	0	0	0	0	0	0	0	0	0	0	0	0	0	0	0	0	0	0	0	0	0	1459	0	0	0	0	0	0	0	0	0	0	
0	0	0	898	0	0	0	0	0	0	0	0	0	0	1168	0	0	0	0	0	0	528	0	0	0	0	0	0	0	0	0	0	1242	0	0	0	0	0	1429	1267	0	769	0	0	866	0	0	0	0	0	0	0	0	0	0	0	0	0	0	0	0	0	1225	0	0	0	0	0	0	0	0	774	0	0	0	0	0	0	0	0	0	0	0	0	0	0	0	0	0	0	1023	0	0	0	0	0	0	0	0	0	
0	0	0	0	0	0	0	0	0	0	0	0	0	0	964	0	0	0	0	0	871	0	0	0	0	0	0	0	0	0	0	0	0	539	0	0	0	0	0	0	0	0	905	0	0	0	1033	0	558	0	0	0	0	0	0	0	0	0	0	0	0	0	0	0	0	0	0	0	0	0	0	0	0	0	0	0	0	1252	0	0	0	0	0	0	0	0	1340	0	0	0	0	0	0	0	0	1035	0	0	0	0	
0	0	0	0	0	0	0	0	0	0	0	0	0	0	0	0	1397	0	1354	0	0	0	0	0	0	0	0	0	1394	0	0	0	0	0	0	779	0	0	0	0	0	0	0	0	0	0	0	0	0	0	0	0	1144	0	567	0	0	0	0	0	0	0	0	0	0	0	0	0	0	0	0	0	0	0	0	0	0	0	0	0	0	0	0	0	0	0	0	0	0	0	0	0	0	0	0	0	0	0	0	0	
0	0	0	0	0	0	0	0	0	930	0	0	0	592	0	0	1350	0	0	0	0	0	0	0	0	0	0	0	719	0	0	0	0	0	0	0	0	0	554	0	0	0	0	0	0	1476	0	0	0	0	0	0	0	0	0	0	592	599	0	0	0	0	0	0	0	0	683	0	0	0	0	0	0	0	0	0	0	0	0	0	0	0	0	0	0	0	0	0	0	0	1388	0	0	0	0	0	0	0	0	0	
0	0	0	0	1341	0	0	0	0	0	0	0	0	0	0	0	0	0	0	0	0	0	0	0	0	0	0	0	0	884	0	1131	0	0	0	0	0	0	1076	0	0	0	0	0	0	605	0	0	0	0	0	0	0	0	0	992	0	0	0	0	0	0	1162	0	0	0	0	0	0	0	0	0	0	0	0	0	0	0	0	0	0	0	0	0	860	0	0	0	0	0	0	0	0	0	0	0	0	0	0	916	
0	0	0	0	0	0	0	0	0	0	0	0	0	0	0	0	0	0	0	0	0	0	0	0	0	0	0	0	0	0	1222	827	0	0	0	0	0	0	0	0	0	0	0	0	0	0	0	0	0	0	0	0	0	0	0	0	0	0	0	0	1191	0	0	0	0	0	0	0	0	0	0	0	0	0	0	0	0	0	0	0	0	0	0	0	0	0	0	0	0	0	0	0	0	0	677	0	0	0	0	0	
0	0	0	0	0	0	0	0	0	0	0	506	0	0	0	0	0	0	0	0	0	0	0	0	0	0	0	0	0	0	0	0	0	0	0	0	0	0	0	0	0	0	0	0	0	0	0	0	0	0	0	0	0	0	0	0	0	0	1318	577	0	0	0	0	0	1496	0	0	0	0	0	0	0	0	0	0	0	0	0	0	0	0	0	0	0	0	0	0	0	0	0	0	0	0	0	0	0	0	1431	0	
0	0	0	0	0	0	0	0	0	0	0	0	1477	0	0	0	0	0	0	0	0	0	0	0	0	0	0	0	0	0	0	0	0	0	0	0	0	0	0	860	0	0	0	0	0	0	980	0	0	0	0	0	1463	0	0	0	847	0	0	0	0	0	0	0	0	0	0	0	0	0	0	1493	0	0	0	1103	0	0	0	0	0	841	0	0	0	0	1347	0	1066	0	0	0	0	0	0	0	731	0	0	1360	
1127	560	1412	0	0	0	0	881	0	0	0	623	0	0	0	0	0	0	0	0	0	0	0	0	0	0	711	0	0	0	0	0	0	0	0	0	0	0	0	0	0	0	0	0	0	0	0	0	0	0	0	0	0	0	0	0	0	0	0	0	0	0	0	0	0	0	0	0	0	908	0	0	0	0	0	0	0	0	0	0	0	0	0	0	0	0	0	0	0	0	0	0	0	1002	0	0	0	0	0	0	
0	0	0	0	0	0	0	0	0	0	0	790	0	0	0	0	0	0	0	0	0	0	0	0	0	0	961	0	0	0	0	0	0	0	0	0	930	0	0	831	1495	0	0	0	0	0	0	0	0	0	0	0	0	0	0	0	0	0	0	0	1463	0	0	0	0	0	0	0	0	0	0	1477	0	0	0	0	0	0	0	0	0	0	0	0	1124	0	0	0	0	0	0	0	0	0	1298	0	0	0	0	0	
0	0	0	0	0	0	0	0	0	0	0	0	0	1440	0	704	0	0	0	0	0	0	0	0	0	0	0	0	0	0	0	0	673	0	0	0	0	0	0	0	0	0	0	0	0	0	0	0	0	0	0	0	0	0	0	0	0	0	0	1365	0	0	0	0	0	0	0	0	0	0	0	1317	0	0	0	0	0	0	0	0	0	0	0	0	0	0	0	0	0	0	1298	0	0	0	0	0	0	0	0	0	
0	1303	0	0	0	0	1327	845	0	977	0	0	0	0	0	0	0	0	0	0	0	0	0	0	0	1138	0	0	0	0	0	0	1151	0	0	0	0	0	0	0	0	0	0	0	0	0	0	0	0	0	0	0	0	1209	0	0	662	0	1395	0	0	0	0	0	993	0	0	0	0	0	0	0	0	0	0	0	0	0	0	0	0	0	1074	0	0	0	0	0	0	0	0	0	0	0	0	0	0	0	0	0	
0	0	0	0	0	0	0	0	0	0	0	0	1488	0	0	0	0	0	1400	0	0	0	0	0	1070	0	0	0	0	0	0	838	792	1286	0	0	0	0	0	0	0	0	0	0	0	0	0	0	1488	0	1489	0	0	0	0	0	0	0	0	0	0	0	0	0	1247	0	0	0	0	0	0	0	0	0	0	0	0	0	917	0	0	0	0	0	0	0	0	0	0	0	0	0	0	0	0	0	0	0	887	0	
0	0	0	0	0	0	0	0	906	0	1258	0	0	0	0	0	0	0	0	0	0	0	0	0	0	0	0	0	0	0	1227	0	0	0	0	0	855	0	0	0	1075	564	0	0	0	0	0	0	0	0	0	0	0	0	0	0	0	0	0	0	0	0	0	0	0	0	1212	0	1260	0	0	761	0	0	0	0	1143	0	0	0	0	0	0	0	0	0	789	0	0	0	0	0	0	0	534	0	0	0	0	0	
0	0	0	0	0	0	0	0	0	0	0	0	0	0	0	0	0	0	0	0	0	0	755	0	0	0	0	0	0	0	0	0	0	0	0	0	0	0	0	0	0	0	0	0	0	0	0	0	0	0	0	0	0	0	0	0	1024	0	0	0	1375	0	0	0	0	0	0	0	0	1192	0	0	0	0	1128	0	0	0	0	0	0	0	0	0	0	0	0	944	0	0	904	0	0	0	0	0	0	0	0	0	
1265	0	0	0	0	0	0	0	1145	0	0	0	0	1434	0	0	0	0	0	0	0	0	0	529	0	0	0	0	0	0	0	0	0	554	0	0	0	0	0	0	0	0	0	0	0	0	0	0	712	856	0	0	0	0	0	0	0	0	0	0	848	0	1137	0	0	0	0	0	0	0	0	0	0	0	0	0	0	0	0	0	0	0	0	0	0	0	0	0	0	0	0	0	0	0	1468	0	0	0	0	0	
0	0	0	0	1186	0	0	0	0	0	0	0	0	0	0	0	0	0	0	0	1101	0	0	0	0	0	0	0	0	0	0	0	868	0	0	0	0	0	0	0	0	0	0	0	0	0	0	0	0	0	0	0	0	0	0	0	0	0	0	0	0	0	0	0	0	0	0	557	1055	0	0	655	0	0	0	0	0	0	0	0	0	0	0	0	0	0	0	0	0	0	0	952	0	0	0	0	0	0	0	0	
854	0	0	0	0	0	0	0	0	0	1285	0	0	0	0	0	0	0	0	0	0	1310	0	0	0	0	0	0	0	0	0	0	772	0	0	0	0	0	0	0	0	0	0	0	0	0	0	0	0	0	1408	0	0	1262	0	0	0	0	0	0	0	0	0	0	0	0	0	0	0	0	0	0	0	0	0	0	0	1330	0	1451	0	0	1283	906	0	0	0	0	1149	0	0	0	0	0	1276	0	0	0	0	0	
940	0	0	0	0	0	0	0	0	0	0	0	0	0	0	0	0	0	0	0	0	0	0	908	0	0	0	0	0	0	0	0	0	0	0	0	624	0	0	0	0	0	0	1417	0	0	0	0	0	0	0	0	0	0	0	0	0	0	618	0	1243	0	0	0	0	0	0	0	0	0	1266	0	0	0	0	0	0	0	0	0	0	0	0	0	0	1193	641	0	0	0	0	1145	0	593	0	0	0	1149	0	0	
0	0	0	0	0	0	0	0	0	0	0	0	0	965	0	0	1156	0	0	0	0	0	0	0	0	595	0	0	0	0	0	0	0	0	1440	0	0	0	0	0	0	0	0	0	0	604	0	0	0	0	978	1486	0	0	0	0	0	0	0	0	0	0	0	0	0	0	0	0	0	0	0	0	0	0	583	0	0	0	0	0	0	0	0	0	1226	0	0	510	0	0	908	0	0	0	0	0	0	0	0	0	
952	0	0	890	0	0	0	0	0	0	0	0	0	0	0	0	1083	0	0	0	1367	0	0	0	0	0	0	0	0	0	0	935	855	0	0	0	0	0	0	0	0	0	0	0	0	953	0	0	0	0	0	0	0	0	0	0	1416	0	0	1222	0	0	0	0	0	0	0	0	0	0	1177	0	0	0	0	0	0	0	0	0	0	0	0	0	0	0	0	0	0	0	0	0	0	689	0	0	0	0	0	0	
0	0	0	0	0	0	1387	0	0	880	0	0	1191	0	0	0	0	0	0	0	0	0	0	0	0	0	0	0	0	980	0	0	0	0	0	0	0	0	0	0	0	0	0	0	1059	0	0	0	0	0	1268	790	1252	0	0	0	0	0	0	0	0	0	0	0	0	0	0	0	0	0	0	0	0	0	0	0	0	0	0	0	0	0	0	0	0	0	0	0	0	0	0	0	0	0	0	0	1348	0	0	0	
0	0	0	0	0	0	0	0	0	0	0	0	0	0	0	0	0	0	0	0	869	0	0	0	0	0	0	0	0	0	0	0	0	0	0	0	0	0	1282	0	0	0	0	0	0	0	1281	0	0	0	0	0	0	0	0	0	0	0	0	0	0	0	0	0	858	0	0	1015	0	0	0	0	0	0	0	842	0	0	0	0	696	0	0	0	0	0	582	0	0	1273	0	590	0	0	0	0	0	1234	0	0	
0	0	0	0	0	0	0	0	0	0	0	901	0	0	0	0	0	0	0	0	0	0	0	0	0	0	0	0	0	611	886	0	0	0	0	0	0	0	1141	0	0	0	586	0	0	0	0	0	0	0	0	0	0	1452	0	0	0	0	0	0	0	0	0	0	0	0	0	0	0	0	0	0	0	0	0	0	0	0	0	0	0	0	0	0	0	0	0	0	0	0	0	0	0	0	0	0	0	0	0	1143	
693	641	0	0	0	0	0	0	0	0	0	0	0	1014	512	0	0	0	0	0	0	0	0	0	0	0	0	0	0	543	0	1143	0	629	0	991	0	0	0	0	0	0	0	0	0	0	0	0	0	0	0	0	816	0	545	0	0	0	0	655	0	0	0	0	0	0	0	0	0	0	0	0	0	0	0	0	0	0	0	650	895	1467	0	0	0	0	576	0	0	0	0	0	0	0	0	0	0	609	0	0	
0	0	0	0	0	0	0	0	0	0	0	0	0	0	0	0	0	1429	0	0	0	0	0	0	0	0	1380	0	0	0	0	0	0	0	0	0	0	0	0	0	1257	0	0	849	0	0	0	0	0	0	0	1277	0	0	0	0	0	0	0	1494	0	0	0	0	0	0	0	0	1260	0	0	0	0	0	0	0	0	0	0	0	0	896	0	0	0	0	0	800	0	0	0	0	0	0	0	0	0	0	0	0	
0	0	521	0	842	0	0	0	0	0	0	0	0	0	0	0	0	0	0	0	0	0	0	0	0	0	869	0	0	0	0	0	0	0	0	0	0	1343	0	0	785	0	0	0	0	0	0	0	0	0	0	674	0	512	0	0	0	1479	0	0	0	0	0	0	0	0	1083	0	0	0	0	0	0	0	0	0	0	0	0	0	0	0	0	0	0	0	0	0	714	0	0	0	0	0	0	0	0	0	0	0	
0	0	0	0	0	0	0	0	0	0	0	0	0	0	0	0	0	631	0	0	0	0	0	0	0	0	0	0	0	0	0	0	0	0	0	617	0	0	0	0	0	0	0	0	0	0	676	0	0	0	0	0	0	0	0	0	0	0	0	956	718	0	0	802	0	0	0	723	0	0	0	0	1367	1313	0	0	0	0	0	0	0	0	0	0	0	0	0	0	0	0	0	0	0	0	0	0	0	0	0	0	
1180	0	0	0	0	0	0	0	0	0	0	0	0	0	0	0	0	1401	916	1373	0	0	0	0	0	0	0	0	0	0	0	0	889	0	0	0	0	0	0	0	0	0	0	594	0	0	0	0	0	0	0	0	1002	0	0	0	0	0	0	0	0	0	0	720	0	0	0	0	0	0	1231	0	0	0	0	0	0	0	0	1002	0	0	0	0	0	0	0	0	0	0	0	0	0	0	0	0	1080	0	0	976	
0	0	0	0	1078	0	0	1101	682	0	0	0	0	0	0	1164	0	1121	0	0	0	0	504	865	0	0	0	0	0	0	0	0	0	0	0	0	0	0	0	0	0	0	0	0	0	0	880	0	0	0	0	1141	0	0	0	0	512	0	0	0	0	1005	0	0	0	0	0	1106	0	0	0	873	0	936	0	0	0	0	0	0	0	0	0	0	0	0	0	0	0	0	0	0	0	0	0	0	0	0	0	0	
