100
0	0	0	0	0	0	0	0	0	0	0	0	0	0	0	0	0	0	0	0	0	0	0	0	0	0	0	0	0	0	0	0	0	0	0	0	0	0	0	0	0	0	0	0	0	0	0	0	0	538	0	0	0	0	0	0	0	0	0	0	0	0	0	0	0	0	0	0	738	0	0	0	0	1463	0	1126	0	0	0	0	0	1424	1039	0	0	0	0	0	0	0	0	0	0	0	0	0	0	0	0	0	
0	0	0	0	0	0	0	0	0	1235	0	0	0	0	1395	0	0	0	0	0	0	0	0	0	0	0	0	0	0	1320	0	0	0	515	0	0	0	0	0	0	0	1483	0	0	0	0	0	0	0	0	0	0	0	0	0	0	0	0	686	0	0	0	0	0	0	0	0	0	0	0	0	0	0	0	0	0	0	0	0	0	0	0	0	0	0	0	0	0	0	0	0	0	0	0	0	0	0	845	0	0	
0	0	0	0	0	0	0	0	0	0	0	1472	0	0	0	0	0	0	0	0	0	0	0	0	0	0	0	0	0	0	1475	0	0	0	642	0	0	0	0	0	0	0	0	1166	0	1489	721	1225	1476	0	0	0	0	0	0	0	0	0	0	0	0	0	0	0	0	0	0	0	0	0	0	0	0	0	0	0	0	0	1495	0	0	0	0	0	0	0	1218	0	0	0	0	0	0	1384	0	0	0	0	0	616	
0	0	0	0	0	0	0	0	0	0	0	500	0	0	0	0	666	0	0	0	0	0	0	0	0	0	0	0	0	1186	1324	0	1096	0	0	0	0	0	0	0	1160	0	0	0	0	0	0	0	0	0	0	0	0	0	0	0	0	0	979	0	0	0	0	0	0	0	0	0	0	0	0	0	0	0	0	0	0	0	0	0	0	0	0	0	0	1303	0	0	0	0	0	0	1231	0	0	0	0	0	0	798	
0	0	0	0	0	0	0	0	944	0	0	0	0	0	0	0	0	0	0	0	0	0	0	0	0	0	0	0	0	0	0	0	0	0	0	0	1469	0	0	0	0	0	0	0	0	0	0	0	672	0	0	0	0	0	1187	0	622	0	0	0	0	0	0	0	1182	0	737	0	0	0	0	1328	1212	0	0	884	0	0	0	0	0	0	0	0	859	0	0	0	971	911	0	0	0	0	0	551	0	0	0	0	
0	0	0	0	0	0	0	0	0	0	0	0	0	0	0	0	0	0	0	0	1422	0	1121	0	0	0	0	0	0	0	0	0	0	0	0	0	511	0	0	0	0	0	0	0	0	0	0	0	0	0	0	0	0	0	0	0	0	0	0	0	0	1059	0	0	0	1289	0	0	0	0	0	0	0	0	0	0	0	0	0	0	0	0	0	0	0	0	1461	0	0	0	0	563	0	0	712	0	0	0	0	0	
0	0	0	0	0	0	0	0	0	0	0	0	781	0	0	0	0	0	0	601	0	0	0	0	0	0	0	0	0	0	0	0	0	0	0	0	0	0	0	0	0	917	0	0	764	0	0	665	0	0	0	1032	0	0	0	0	0	0	844	0	0	0	0	0	0	849	0	0	0	0	0	0	0	0	0	0	0	0	0	0	0	0	0	0	0	0	0	0	0	0	644	0	0	0	0	1210	0	0	1295	0	
0	0	0	0	0	0	767	0	0	0	0	0	0	0	746	0	0	0	0	0	0	0	0	0	0	0	0	0	0	0	0	0	0	0	0	0	0	0	0	0	0	0	0	0	0	0	0	0	0	0	0	0	0	0	0	0	0	631	1152	0	0	0	0	0	776	0	0	0	0	547	0	0	0	0	0	0	0	0	0	0	0	0	0	0	0	0	0	0	0	0	1473	0	0	0	0	0	0	0	1479	0	
0	0	0	0	0	0	0	0	0	0	0	0	0	0	0	0	0	0	0	0	0	1468	0	0	0	0	0	0	0	0	851	0	0	0	0	0	0	0	0	818	0	0	0	0	0	0	0	0	1413	0	0	0	0	0	0	0	575	0	701	0	0	915	0	0	0	0	0	0	0	0	0	780	0	0	1253	0	0	0	617	0	0	0	0	0	0	0	0	0	0	0	0	0	0	0	1251	1239	0	0	0	0	
0	0	0	1231	0	0	1492	0	0	0	0	0	0	1177	0	0	0	1408	943	0	0	0	0	0	608	0	0	0	1223	0	0	0	0	0	0	0	0	0	0	0	0	0	0	0	0	0	0	0	0	1482	0	0	0	0	0	0	0	0	0	0	0	0	0	0	0	1464	0	0	0	0	0	0	0	0	0	0	0	0	0	1237	0	0	0	0	0	0	0	0	0	0	0	0	0	0	1031	0	0	0	0	0	
655	0	0	0	0	0	0	0	0	0	0	0	0	0	984	0	0	0	0	0	0	0	0	0	1162	0	0	0	0	0	0	0	0	0	0	0	571	0	0	0	0	0	0	0	767	0	0	0	896	0	0	0	0	0	0	0	0	0	0	0	0	0	1421	0	0	0	0	0	0	0	0	0	0	0	0	0	0	0	0	0	0	0	0	0	979	699	0	0	0	0	0	0	0	0	0	0	0	0	0	0	
0	1383	0	0	0	1152	0	0	0	1498	1404	0	0	0	591	0	0	0	582	0	0	0	0	0	740	0	0	0	946	0	0	0	0	0	0	0	0	0	0	1347	0	0	0	0	0	0	0	0	0	0	0	0	0	0	0	0	1309	0	0	0	0	0	0	1275	0	0	0	0	0	1117	0	0	0	0	0	883	0	0	0	0	1405	0	0	0	0	0	0	0	0	0	0	0	0	0	0	0	0	0	0	567	
0	0	0	0	0	0	0	1166	0	0	0	0	0	0	0	0	0	0	0	555	0	0	0	0	0	0	0	0	0	0	0	0	0	0	0	0	0	0	0	0	0	0	0	0	1382	0	0	0	0	0	0	0	0	0	579	1120	0	0	0	0	0	676	0	0	1000	0	0	0	0	0	0	0	0	0	0	0	0	1309	0	0	0	0	0	0	0	0	0	0	0	0	0	921	0	0	1457	0	0	0	0	0	
0	0	0	0	0	528	1094	0	0	0	0	0	0	0	0	0	1041	0	0	0	0	0	0	0	956	0	0	0	0	0	0	0	0	0	0	0	0	0	0	0	0	0	0	0	0	0	0	1473	0	0	0	0	0	1025	0	0	0	0	0	0	0	0	0	0	0	0	0	0	0	644	725	0	716	0	0	0	0	1425	855	0	0	0	0	0	0	0	0	0	0	0	867	0	0	0	0	0	0	0	0	0	
0	0	0	0	0	0	0	1415	0	0	0	0	0	0	0	0	0	0	0	0	0	0	1104	982	0	0	0	0	0	0	0	0	0	0	0	0	0	0	0	0	0	0	0	0	0	0	0	0	1450	0	0	0	0	0	0	0	0	0	0	0	0	0	0	0	0	0	0	0	1426	0	0	0	703	0	0	0	0	0	0	0	0	0	0	0	0	1172	0	942	0	0	0	0	955	1001	0	0	0	0	0	0	
886	0	0	0	0	0	0	840	0	0	0	0	0	0	0	0	0	0	0	0	0	0	0	0	0	0	913	0	0	0	0	0	0	0	0	0	1009	0	0	0	0	0	0	0	0	0	0	0	0	0	0	0	0	0	0	0	0	0	0	0	0	0	0	0	0	0	0	850	0	0	0	0	1403	0	0	0	0	0	0	0	0	0	0	0	0	0	0	0	0	0	0	0	0	0	0	0	0	0	0	0	
0	0	0	0	0	0	0	0	0	0	0	1041	0	0	0	0	0	0	0	0	0	0	0	0	0	0	0	0	0	911	0	0	0	0	0	0	0	0	0	601	0	0	0	0	0	0	0	0	0	0	0	0	0	0	0	0	0	0	0	0	0	0	1214	0	0	910	0	0	0	0	0	0	0	767	0	0	0	0	0	0	0	0	0	0	0	0	0	0	1145	0	1256	0	0	0	0	0	0	881	0	0	
0	0	0	0	0	0	0	0	0	0	0	0	0	0	0	0	0	0	0	0	0	0	0	0	0	0	0	0	0	0	0	0	0	0	0	0	0	0	0	1018	0	0	0	0	0	0	0	0	0	0	0	0	994	0	0	0	0	0	0	1118	632	0	0	0	0	0	0	0	0	0	0	0	0	0	0	1274	0	0	0	0	0	0	0	0	0	0	0	0	0	0	0	0	0	0	0	0	0	0	0	0	
0	0	0	0	0	0	0	0	0	0	0	0	0	0	0	0	0	0	0	1243	0	0	0	0	0	0	0	942	0	0	625	0	0	0	0	0	0	0	725	0	1316	1000	0	0	0	0	0	0	0	0	0	0	0	0	0	0	0	0	0	0	0	1166	0	0	0	1339	0	0	0	620	0	0	0	0	0	0	0	0	0	0	0	0	0	0	0	0	0	990	0	0	0	0	0	0	0	0	1184	1259	0	0	
0	0	0	0	0	0	0	0	0	0	0	0	0	0	0	0	0	0	0	0	0	0	1003	0	0	0	0	0	0	733	0	0	0	0	0	0	0	0	0	770	0	0	0	0	0	0	0	0	0	0	0	0	0	0	1343	0	0	1226	0	1201	0	0	0	1134	0	0	0	0	0	0	0	0	0	0	571	588	0	0	0	0	0	789	0	0	0	0	0	1100	0	978	0	0	1428	0	0	659	0	0	0	0	
0	0	0	558	0	0	0	0	0	0	0	0	0	0	0	1371	0	0	0	0	0	0	0	0	643	0	0	0	0	0	0	0	0	0	0	1030	0	1211	0	0	0	0	0	0	0	0	1247	0	0	0	0	0	0	0	0	0	0	0	0	0	0	0	0	850	0	0	0	0	0	0	0	0	0	0	0	0	0	0	0	0	1331	0	0	0	0	0	0	0	0	0	0	0	0	0	0	0	0	0	0	0	
0	0	0	0	0	0	0	0	0	1363	0	0	0	0	0	1387	0	0	0	0	0	0	0	0	0	0	0	1192	0	0	0	0	0	0	0	591	0	0	0	0	0	0	0	0	1328	711	1211	0	0	0	0	0	0	0	0	0	0	0	0	1105	749	0	0	0	0	0	0	687	0	547	0	0	711	0	0	0	0	1200	0	0	0	0	1454	1083	0	0	0	0	0	0	0	0	1070	0	0	0	0	0	0	0	
0	1314	0	0	0	0	0	0	0	0	0	0	0	0	0	0	0	638	0	0	0	0	0	1386	0	0	0	0	0	0	1036	0	0	0	0	0	0	0	0	537	0	0	0	0	0	1060	0	0	0	0	0	0	0	0	1463	0	0	0	0	0	0	0	0	0	0	0	0	0	0	1103	593	0	0	0	0	0	0	0	0	994	0	0	0	0	0	0	0	0	0	0	0	0	0	0	1304	0	0	0	0	0	
954	0	0	0	0	0	0	841	0	0	0	0	0	1396	0	0	0	0	0	675	0	0	0	0	0	0	0	0	0	0	0	0	0	0	0	0	0	0	0	0	0	0	508	0	0	0	0	0	0	0	1152	0	0	0	1086	0	0	0	0	0	0	0	0	1283	0	0	0	0	0	0	0	0	1355	0	0	0	0	0	0	0	0	0	0	0	0	0	0	0	0	1290	780	0	0	0	0	0	0	0	0	0	
0	0	0	0	0	0	0	0	0	0	0	0	0	1145	0	0	0	0	0	0	522	0	0	0	0	0	0	0	0	0	0	0	0	0	0	0	0	0	1077	0	0	0	0	0	0	0	0	0	0	0	0	0	0	0	0	0	0	0	0	0	0	0	0	1169	0	0	0	0	0	839	0	0	0	1451	0	914	0	0	0	0	0	1214	0	0	0	0	0	0	0	601	0	810	0	0	0	0	0	1065	0	0	
0	0	0	0	0	1356	0	0	0	0	0	0	0	0	0	0	0	0	0	0	0	0	0	0	0	0	0	0	0	0	0	0	0	0	0	0	0	0	0	637	0	0	0	0	0	0	0	0	0	0	0	0	561	595	0	0	0	0	0	0	0	0	0	0	0	0	0	0	0	0	0	0	0	0	0	0	0	0	0	0	0	1226	0	0	531	0	0	0	818	1031	0	1294	0	0	0	0	0	0	0	0	
0	0	0	0	1355	0	0	0	0	0	0	0	0	0	0	0	0	0	0	0	0	0	0	0	0	0	0	0	0	0	642	0	0	0	0	0	0	0	0	0	0	0	0	0	1253	0	0	0	1281	0	0	0	0	0	0	0	0	0	0	0	0	0	0	0	0	0	0	0	0	0	0	0	0	0	0	0	0	0	0	0	0	0	0	0	0	0	0	1428	0	0	0	0	0	0	0	0	0	525	0	0	
0	0	0	0	0	0	0	1301	0	0	0	0	0	0	0	0	0	0	1014	0	0	0	0	0	0	0	0	0	0	0	0	880	0	0	0	1332	0	0	0	0	0	0	0	0	0	0	1258	0	0	0	0	1450	0	0	0	0	0	0	0	0	0	0	0	1384	0	0	0	0	0	0	0	0	1426	0	0	0	0	0	0	0	0	0	0	0	1395	0	0	0	0	0	0	0	0	0	0	0	0	0	0	0	
0	0	0	0	691	0	0	0	0	0	0	0	0	0	0	0	0	0	0	0	0	0	0	0	0	0	0	0	0	1308	0	0	0	0	0	804	0	0	0	0	0	0	0	0	0	678	0	0	0	0	0	0	0	981	0	0	0	864	0	1022	0	0	0	0	0	0	0	0	0	1071	0	0	0	0	0	0	0	0	0	0	1042	0	0	0	0	0	0	0	952	582	0	0	0	0	0	0	0	0	0	733	
0	0	0	0	0	0	0	0	0	0	0	0	0	0	0	0	0	0	0	0	0	0	0	0	0	0	0	0	0	0	0	0	1135	0	1046	0	0	0	0	0	0	953	0	0	0	0	0	0	0	0	0	1312	0	0	1099	0	0	0	0	0	0	0	0	0	1153	0	0	0	0	0	0	0	0	0	576	0	0	0	0	0	0	0	0	0	0	0	0	0	0	0	0	0	0	0	0	849	0	0	0	0	
0	0	0	0	0	0	0	0	0	0	0	0	0	0	0	0	0	725	0	0	0	0	0	735	1430	643	0	921	0	0	0	0	0	0	0	0	0	670	0	0	0	0	0	0	0	0	0	0	0	0	0	0	0	0	0	0	0	0	0	0	0	0	0	0	0	0	0	0	0	0	0	0	0	0	0	0	0	0	0	0	0	0	0	0	0	0	0	0	0	0	0	858	0	0	0	0	0	0	0	0	
0	0	0	0	0	1342	0	731	0	0	0	1464	0	1335	636	0	0	0	0	0	0	0	0	0	0	0	0	0	0	631	0	0	0	0	0	0	0	0	0	0	0	0	0	0	815	0	0	0	0	0	0	0	0	0	0	0	0	0	0	0	1037	0	0	0	0	0	0	0	0	0	0	0	0	0	0	0	0	0	0	0	0	0	0	0	0	0	0	0	0	0	0	0	980	0	0	0	0	0	0	0	
0	0	0	0	0	0	0	0	0	0	651	0	0	0	0	0	0	0	0	607	0	0	0	0	0	0	0	0	0	0	0	1180	0	0	0	0	0	0	0	0	0	886	0	0	0	0	0	0	0	0	0	0	0	0	0	0	1289	0	0	0	0	0	0	1199	0	0	0	0	0	0	0	0	984	0	0	1307	0	0	0	0	0	670	0	0	0	0	0	0	0	0	0	0	0	0	0	0	0	0	0	0	
0	0	0	576	0	0	0	0	0	1182	0	0	0	0	0	0	0	0	0	0	633	0	0	0	0	0	0	0	0	0	0	0	0	0	0	0	0	0	0	0	0	0	0	597	0	0	0	1048	0	0	0	0	0	0	0	0	0	0	0	0	0	0	0	0	0	1152	0	0	0	0	0	0	0	0	0	0	0	0	0	1269	0	0	0	0	0	0	0	0	0	0	0	0	0	0	0	0	0	818	0	0	
0	0	0	0	0	0	0	0	0	0	0	0	0	0	0	0	0	0	0	0	0	0	0	0	0	0	0	0	1046	0	1083	0	0	0	0	1359	0	898	0	0	1037	0	0	0	0	0	0	1178	0	0	0	0	0	0	0	0	0	0	0	0	0	1381	0	1302	0	0	0	0	0	0	0	0	0	0	0	0	0	0	0	0	0	0	0	0	0	1195	0	0	0	0	0	0	0	0	0	0	0	0	0	0	
0	0	0	0	0	0	0	0	0	865	0	0	0	0	0	0	0	0	0	0	0	0	0	0	0	0	0	1463	0	0	0	0	0	0	0	0	0	0	0	0	0	0	0	0	0	0	0	0	0	0	1057	0	0	0	0	0	0	0	0	0	1001	1167	0	0	0	0	0	0	0	0	0	0	1381	0	0	0	0	0	0	0	0	622	0	0	0	0	0	1100	0	0	0	0	793	0	0	0	0	0	0	0	
0	0	1482	0	0	0	1118	0	0	0	0	0	0	644	0	0	0	0	0	0	0	0	0	0	0	0	0	0	1410	0	0	0	0	0	0	615	0	0	0	0	0	0	0	0	0	0	0	0	0	0	0	0	0	0	943	0	0	1153	0	0	1256	0	0	0	0	0	1008	0	0	0	0	0	0	0	0	0	0	0	0	0	0	0	0	0	0	0	746	0	0	0	0	0	0	0	0	0	0	0	0	0	
0	0	0	839	0	0	0	0	0	0	0	0	0	1239	0	0	0	868	947	0	0	1249	0	0	0	0	0	0	0	1253	0	0	0	0	0	0	0	0	0	0	0	0	0	0	0	0	767	867	1178	0	0	0	0	0	1426	0	0	0	0	0	0	0	0	0	0	0	0	0	1121	0	549	0	0	0	0	0	0	0	0	0	0	0	0	0	0	0	0	0	0	0	0	0	0	0	0	0	0	0	0	1367	
0	0	0	0	0	0	0	0	0	0	0	0	0	0	0	0	0	0	0	0	0	0	0	840	0	0	0	0	0	0	0	0	0	0	0	0	968	803	0	0	0	0	0	0	0	0	0	0	0	0	0	0	0	0	0	0	1080	0	0	0	0	0	0	0	0	0	1333	0	0	0	0	0	0	0	0	0	0	0	0	0	0	0	0	1133	0	0	0	1114	0	0	0	0	0	0	0	0	1326	0	0	0	
0	0	0	0	0	0	0	0	990	0	0	0	0	0	0	669	0	0	0	0	0	0	0	0	0	0	0	0	0	0	0	0	0	0	0	0	0	0	0	0	0	0	0	0	0	0	0	0	0	0	0	676	0	0	0	0	0	0	0	0	0	0	0	0	1458	0	0	0	0	0	0	0	0	0	0	0	805	0	0	0	0	0	0	1200	1175	0	0	0	0	0	0	0	0	0	0	775	0	1372	0	0	
0	1107	0	0	0	0	0	0	0	0	0	0	0	0	0	0	0	0	0	0	0	0	0	0	0	0	969	0	0	0	0	0	1003	0	0	0	0	0	0	0	0	0	996	0	0	0	0	0	0	0	0	1484	0	0	0	0	0	0	0	0	0	0	0	0	0	0	0	0	0	0	0	0	0	0	0	0	0	747	0	0	1327	0	0	0	0	0	0	0	0	0	0	0	0	0	0	0	0	0	0	1169	
0	0	0	0	0	797	1290	0	0	627	0	0	0	0	0	1213	0	0	0	0	0	1092	0	0	617	0	0	0	0	0	0	0	0	0	1368	0	0	0	0	0	0	0	0	0	0	0	0	0	0	0	0	0	0	0	0	0	0	0	0	0	0	0	0	0	0	788	1256	0	0	0	0	0	0	0	0	0	0	0	0	0	0	0	0	0	0	1318	0	1133	0	0	0	0	0	0	0	686	0	0	0	0	
996	0	0	0	0	0	0	0	0	0	0	952	0	0	0	0	0	0	0	0	0	0	0	0	0	0	0	0	0	0	0	0	0	0	0	0	0	0	0	0	0	0	0	0	1248	0	0	0	0	0	0	0	0	0	0	0	0	0	0	0	0	853	0	0	0	0	0	0	574	938	0	0	0	0	0	0	0	0	1144	0	0	1070	0	0	0	0	0	0	1474	0	0	1394	991	0	0	0	0	0	0	0	
0	0	0	0	0	0	0	0	0	0	0	0	0	0	0	0	0	0	0	0	0	0	0	0	0	0	0	0	0	0	1187	0	0	0	0	0	0	0	810	0	0	0	0	0	0	0	0	0	0	0	0	0	0	0	0	0	841	0	0	0	0	0	0	0	0	0	0	1390	0	0	0	577	0	0	0	0	1250	0	0	0	0	0	672	0	0	0	0	0	0	0	0	1386	0	0	0	0	0	0	0	0	
0	0	0	0	810	0	0	0	0	0	0	0	0	0	0	0	0	0	0	0	0	0	1365	0	0	1191	0	0	0	0	0	0	0	0	0	0	0	839	0	0	0	0	0	0	0	0	0	0	0	0	0	0	0	0	0	0	0	1424	0	0	1320	0	0	0	674	1378	0	0	0	0	0	0	0	0	0	0	0	665	1255	0	1207	0	0	0	0	0	0	0	0	0	0	0	0	0	0	0	0	0	0	986	
773	0	0	0	0	0	0	0	0	0	0	0	0	0	0	0	0	0	0	925	0	0	0	0	0	0	0	0	0	0	0	0	1377	0	0	0	0	0	0	0	0	0	0	0	0	0	0	0	0	0	0	0	0	0	0	0	0	0	0	0	0	0	1299	0	0	0	0	0	0	0	1422	0	0	0	0	0	0	0	0	0	0	0	0	0	0	893	0	0	0	926	0	1409	0	0	0	0	0	0	0	0	
0	0	0	0	0	0	0	0	0	1199	0	0	0	1305	0	0	0	0	0	0	0	0	0	0	0	1248	0	0	0	0	0	600	0	0	0	0	0	0	0	0	0	1018	0	0	0	0	0	1268	0	0	0	0	0	0	0	0	0	0	524	0	0	0	0	0	0	0	0	0	0	0	0	0	0	0	0	0	0	1151	0	0	0	0	0	0	0	0	0	0	0	0	0	0	0	0	0	649	0	0	0	0	
0	0	0	0	0	0	1200	0	0	572	0	0	0	850	0	0	0	0	0	0	0	0	0	1455	0	0	0	0	0	0	0	0	0	0	0	0	0	0	0	0	0	0	0	0	1346	0	0	0	0	0	0	0	0	0	0	0	0	676	0	0	0	0	0	0	697	0	0	0	0	0	0	0	0	0	1493	0	0	0	0	0	0	0	0	0	0	0	0	0	0	0	0	0	1206	657	0	0	0	0	0	0	
0	0	0	0	0	950	0	0	0	0	0	896	0	0	0	0	0	0	0	762	0	0	1245	0	0	0	0	0	0	0	0	838	727	0	0	0	0	865	0	0	0	0	942	0	0	0	0	0	0	0	0	0	0	1244	1290	0	0	0	0	0	0	0	0	0	0	0	0	0	0	0	891	888	0	0	0	858	0	0	0	0	0	0	0	0	0	0	0	0	0	0	0	1042	674	0	0	0	0	0	0	0	
0	746	585	0	0	0	0	0	0	0	0	1182	0	0	0	0	0	0	1420	0	0	0	0	0	0	0	0	1252	0	0	960	0	0	0	0	0	0	0	0	0	0	0	0	0	0	0	0	596	0	0	0	0	0	0	0	0	0	0	0	0	1001	0	0	0	0	0	0	0	0	0	0	0	0	0	0	0	0	0	0	0	0	0	0	0	0	1471	0	0	0	0	0	0	0	0	0	0	0	0	1220	0	
0	0	0	0	1032	0	0	0	0	0	0	1358	0	0	0	0	0	0	0	0	0	0	0	0	0	0	0	0	0	0	0	0	0	0	0	0	0	0	0	0	0	0	0	624	735	0	0	823	0	0	0	0	0	0	0	0	0	0	0	0	0	0	0	0	0	0	0	0	0	0	0	0	0	0	0	0	0	0	0	1439	0	0	0	0	1323	0	0	0	0	0	0	0	0	0	0	1326	0	0	0	0	
0	0	0	0	0	0	1317	1426	0	0	0	0	0	0	542	0	0	0	0	0	0	0	0	0	0	0	1143	0	0	0	0	0	0	0	0	1355	0	0	0	0	0	0	0	0	0	0	0	0	0	0	0	0	0	0	0	0	0	0	1185	0	0	0	0	0	0	0	0	0	0	0	0	0	0	0	0	0	0	0	0	0	589	724	0	0	0	0	0	0	0	516	0	0	0	0	0	0	0	0	0	0	
0	0	0	0	0	980	0	0	0	0	0	0	0	0	0	0	0	0	0	0	0	1207	0	0	0	0	0	0	0	0	0	0	0	0	0	0	0	0	0	0	0	0	1490	0	0	0	0	0	0	0	0	730	0	0	0	0	0	636	0	0	1063	1461	0	0	0	0	0	790	0	0	0	0	0	0	0	0	0	0	1179	0	0	0	0	0	0	0	0	0	0	0	0	0	0	519	0	0	0	0	0	0	
0	0	0	0	0	0	0	1075	0	1459	0	0	0	0	0	0	0	0	0	587	0	0	0	0	0	0	0	0	0	0	0	0	0	0	0	0	1360	0	0	0	0	0	0	1465	0	0	0	1191	0	0	0	0	0	0	0	0	0	0	0	0	0	0	0	0	0	0	0	0	0	0	0	843	0	0	0	0	0	0	0	0	0	0	0	0	0	0	0	0	0	776	0	0	0	0	0	1300	0	0	0	0	
0	0	0	0	0	0	0	748	0	0	0	0	0	0	0	632	0	1213	0	0	0	0	781	714	0	0	0	0	0	0	0	0	0	0	0	0	0	0	0	0	0	0	0	0	0	676	0	0	0	0	0	0	643	1437	0	0	0	0	0	0	0	747	842	0	0	0	0	0	0	675	0	0	0	656	0	0	0	0	0	0	0	0	0	0	0	0	0	0	0	500	0	0	0	0	0	0	0	0	0	0	
0	0	0	0	0	0	0	0	0	0	0	0	0	0	0	0	0	873	0	722	0	0	0	0	0	0	0	0	0	0	0	0	0	0	0	0	0	0	0	0	0	0	0	0	0	0	0	0	0	0	551	850	0	0	0	0	0	0	0	0	0	0	0	0	0	0	0	0	0	0	0	0	0	0	0	1348	0	0	0	0	0	0	0	0	0	685	0	0	0	0	0	822	0	0	0	0	0	0	0	0	
578	0	0	0	0	0	936	0	0	0	0	0	0	0	0	0	0	0	0	0	0	0	0	1358	0	0	0	0	505	0	0	0	0	0	0	0	0	0	0	0	0	0	0	0	0	0	0	0	0	1465	0	0	0	0	0	0	0	0	0	0	1202	0	0	0	0	0	0	0	0	0	0	0	1116	0	0	0	0	0	0	0	0	0	0	0	0	0	0	0	0	0	0	0	0	0	0	720	0	0	0	0	
0	0	0	0	0	0	0	0	0	0	0	0	0	0	0	0	0	0	0	0	0	0	565	0	0	0	0	0	0	0	0	0	0	0	0	0	0	0	0	0	0	0	0	0	0	0	0	0	0	0	0	0	0	0	0	0	0	0	1138	0	0	0	0	0	0	0	0	0	0	1202	581	0	0	0	0	0	0	0	0	0	0	0	0	0	0	0	0	0	0	0	0	0	0	0	0	0	0	0	0	0	
0	0	0	0	0	0	0	0	0	1379	0	0	0	0	0	0	0	0	0	0	548	0	0	0	0	0	0	0	0	0	0	0	0	0	0	702	0	0	1347	1206	0	0	0	0	0	0	0	0	0	509	0	0	0	0	0	573	0	0	0	0	0	0	0	0	873	0	0	836	0	0	0	0	1260	0	0	1452	0	0	0	1163	0	0	0	0	0	0	0	0	0	0	0	0	0	0	0	605	0	0	0	0	
0	0	520	0	0	944	0	0	0	0	0	1128	990	0	1000	0	0	0	0	0	0	0	0	0	0	0	0	0	0	0	0	1145	0	525	0	0	0	0	0	0	0	0	0	0	1350	0	0	0	0	0	0	0	0	0	0	0	0	0	1031	0	0	0	0	1326	0	0	0	0	0	0	0	0	0	1090	0	0	0	0	1496	0	0	0	0	0	0	0	0	0	0	0	0	0	0	1279	0	0	0	0	0	0	
0	0	0	0	0	0	0	0	0	1099	0	0	1172	0	0	0	0	0	0	0	0	0	1084	0	953	0	0	0	0	0	0	0	0	0	654	0	0	0	0	0	0	0	0	0	0	0	0	0	0	0	0	0	0	0	0	0	0	0	0	897	0	0	901	0	0	1258	571	0	0	0	0	0	0	560	633	0	0	0	0	0	0	0	0	868	0	0	0	0	0	0	0	0	0	0	0	0	0	0	0	0	
0	0	0	0	0	0	0	1161	0	0	0	0	0	0	0	0	0	0	0	0	0	0	1358	0	0	0	0	0	1042	1089	0	0	0	0	0	0	0	0	0	0	0	0	0	0	0	0	0	0	0	0	0	0	0	0	0	0	0	0	0	0	0	0	0	0	0	0	762	1043	0	0	0	0	0	0	0	0	0	0	0	0	0	0	753	0	0	0	0	0	0	0	0	0	0	0	0	0	0	0	0	0	
0	0	0	0	0	0	0	0	0	0	0	0	0	0	0	0	0	0	0	0	0	0	0	0	0	0	0	0	0	0	0	0	0	0	0	625	0	0	1309	0	0	0	0	0	0	0	1307	0	0	0	0	0	0	0	0	0	0	0	0	0	0	0	0	0	0	0	0	0	0	0	0	0	0	0	0	0	0	0	0	0	1330	0	0	1013	0	0	0	0	0	0	0	0	0	0	0	0	0	0	1045	0	
0	712	0	0	0	0	0	0	0	0	0	1185	0	0	0	0	0	0	0	0	0	0	0	0	0	0	0	0	546	0	0	979	0	0	0	0	0	1106	0	0	0	0	0	606	0	0	0	725	0	0	0	0	0	0	0	0	0	0	0	0	0	0	0	0	0	0	0	0	0	0	0	0	0	0	0	0	0	0	0	0	0	0	0	0	0	0	0	0	0	0	0	0	0	0	0	818	0	0	0	0	
0	0	0	0	0	0	738	0	1455	0	0	0	0	0	0	0	0	0	0	0	0	0	0	0	0	0	0	0	0	0	0	1296	0	1296	0	0	0	0	0	0	0	0	813	1291	0	0	0	0	0	0	701	0	0	0	0	0	0	0	0	0	0	0	0	0	0	0	0	0	805	0	0	0	0	0	0	0	586	0	0	0	0	519	780	980	0	0	0	0	0	0	0	0	0	0	0	0	0	0	0	0	
0	1346	1029	0	0	0	0	0	0	0	0	0	0	0	0	0	0	0	0	0	0	0	0	0	0	0	0	0	0	0	0	0	0	0	0	0	0	742	0	0	0	0	0	0	0	0	0	0	0	0	0	0	0	0	0	0	0	0	0	0	0	0	0	0	0	0	0	0	0	0	0	0	0	0	0	0	0	0	0	0	0	0	0	0	0	0	0	0	0	0	0	0	688	0	0	0	0	0	0	0	
0	0	0	0	0	0	508	0	0	0	0	0	738	0	0	0	0	0	0	813	0	0	0	893	0	0	0	0	0	0	0	0	0	0	0	0	0	0	0	0	689	0	0	0	1474	0	0	0	0	0	0	560	0	0	0	0	0	0	0	0	0	760	0	0	0	0	0	0	0	0	0	0	0	0	0	0	0	0	0	0	0	0	949	0	0	0	0	982	0	0	0	0	0	666	978	0	0	0	0	0	
0	0	0	0	0	0	0	0	0	0	0	0	962	0	0	0	1054	0	0	0	0	0	0	0	644	1328	0	0	0	0	0	0	1061	0	0	0	1416	0	0	0	0	0	0	0	0	1368	0	0	0	0	0	0	0	0	0	0	0	0	0	0	0	0	0	0	0	0	0	0	0	0	0	0	0	0	0	0	0	0	0	0	0	0	0	0	0	0	0	1144	0	0	0	0	0	0	0	0	0	0	1477	0	
0	0	0	0	0	0	0	0	0	0	0	0	0	0	0	0	0	0	0	0	0	0	0	632	0	531	0	0	0	0	0	0	0	0	0	0	0	0	0	0	0	0	0	0	0	0	0	0	0	0	0	0	0	0	0	0	1013	0	921	0	509	0	0	0	0	0	0	0	0	0	0	0	0	0	0	0	0	0	0	0	0	0	0	0	0	0	0	0	1498	0	0	0	0	0	0	0	1283	571	0	0	
0	0	0	0	0	1408	0	0	0	1037	730	1418	0	1457	0	0	0	0	0	0	0	0	0	0	0	0	0	0	0	589	0	0	0	0	0	0	0	0	0	811	742	0	0	0	0	0	0	0	0	0	673	0	0	0	0	0	0	0	0	0	0	0	758	0	0	0	0	0	1148	0	989	0	0	0	0	0	0	0	0	0	0	0	0	0	0	0	0	1021	0	0	0	0	0	0	715	0	0	0	0	0	
0	0	0	0	0	0	0	0	800	0	0	0	766	0	0	1038	0	0	0	0	0	0	0	0	0	0	0	0	1459	1356	0	0	0	0	0	0	0	0	0	0	0	0	0	1161	703	0	0	0	0	0	0	0	0	0	0	0	0	0	0	0	0	0	0	0	0	0	0	0	1421	0	0	0	0	0	0	0	0	0	0	0	0	0	0	0	0	0	0	0	0	0	0	0	0	0	0	0	0	0	0	1348	
0	0	0	0	0	0	0	0	0	0	0	0	0	902	0	831	0	0	0	0	0	0	0	0	0	0	0	0	0	0	0	0	0	0	0	0	0	0	0	0	972	0	0	0	0	0	0	0	0	0	0	1358	0	0	0	0	0	0	0	0	0	0	0	0	0	0	1114	0	0	907	0	0	0	0	0	0	0	0	0	613	0	0	733	1210	0	605	0	0	0	0	0	0	0	742	0	1455	0	0	0	0	
0	0	0	0	0	0	0	0	0	0	0	0	0	0	0	0	0	1073	0	0	0	0	0	0	0	0	0	0	0	0	0	0	0	0	0	860	0	0	1452	769	0	0	1393	0	0	0	0	594	0	0	0	1030	1030	0	0	563	0	0	0	0	0	0	1111	0	0	696	0	0	0	0	0	0	0	0	0	0	1361	0	0	0	0	0	0	0	0	0	0	0	0	0	0	0	0	0	0	0	0	0	0	0	
0	0	0	1377	0	0	0	0	0	0	0	1131	0	0	0	0	0	0	0	0	0	0	0	0	0	0	0	0	0	0	0	0	0	0	0	0	0	0	0	0	0	0	0	0	0	0	0	0	0	0	0	0	0	0	1166	0	0	0	0	0	0	1352	0	0	0	0	0	0	0	0	0	0	0	0	0	0	0	0	0	0	0	0	975	0	0	1420	0	0	0	0	0	0	0	0	0	0	0	0	0	0	
0	0	0	0	0	0	0	0	1411	0	0	0	0	0	0	0	0	0	0	0	0	0	0	0	0	0	0	0	0	0	0	0	0	0	0	0	941	0	0	0	0	0	0	0	0	0	0	0	0	0	0	0	0	0	0	0	0	0	0	0	0	0	1430	0	0	718	781	0	0	0	0	646	0	0	0	0	0	647	0	0	0	0	0	0	0	0	0	0	0	0	0	0	0	0	0	0	0	0	0	0	
0	0	1387	0	0	0	0	0	0	0	0	1059	1273	0	0	0	0	1254	0	0	0	0	0	676	0	0	0	0	0	0	0	0	0	0	0	0	0	0	0	0	0	0	0	0	0	0	0	0	0	0	0	0	0	0	0	587	0	0	982	0	0	0	0	0	0	0	0	0	0	0	0	0	1124	0	0	0	0	1384	0	0	0	1430	0	0	0	0	0	0	0	0	0	0	0	0	0	902	0	0	0	0	
0	757	1397	0	0	0	0	0	678	0	0	0	0	698	0	0	0	530	0	0	0	0	0	0	0	0	0	0	0	0	0	0	546	0	0	0	508	0	0	0	0	0	696	0	0	0	0	0	0	0	0	0	0	646	0	0	0	516	1258	0	0	0	0	0	718	0	894	0	0	0	0	0	0	0	0	0	0	0	0	883	0	0	0	1254	0	0	0	0	0	0	0	0	0	0	0	0	0	0	0	0	
0	0	0	0	0	0	0	0	0	0	678	0	0	0	0	633	0	0	0	0	0	0	0	0	0	0	0	0	0	0	0	0	0	0	0	0	0	0	0	0	0	0	0	503	0	0	0	0	0	0	0	0	0	0	0	1381	0	863	884	0	0	581	0	0	0	0	0	0	0	0	0	0	0	0	0	0	0	0	0	0	0	0	0	0	0	0	0	0	0	0	0	1345	0	533	0	0	0	0	0	0	
0	0	0	0	0	0	0	0	0	0	0	0	0	0	0	0	0	0	0	0	0	0	0	0	0	0	0	0	0	625	0	0	0	0	0	0	0	0	1359	0	0	0	920	0	0	0	0	0	825	0	0	0	0	686	0	0	0	0	0	0	0	0	0	573	0	0	973	0	0	974	874	0	0	0	0	0	0	0	0	0	0	0	0	0	1477	0	0	0	0	0	1449	0	0	0	0	0	0	0	0	0	
0	0	0	0	0	0	0	835	0	0	0	0	0	0	0	0	0	0	0	0	0	0	0	0	0	565	0	0	0	0	0	0	0	0	0	0	0	1228	0	0	0	0	0	0	0	0	0	0	0	0	0	0	0	0	0	1393	0	0	0	0	0	0	0	0	0	0	0	0	0	0	0	0	0	865	0	1306	0	0	0	0	0	0	0	0	0	0	1459	0	1063	0	0	0	0	0	0	0	0	0	908	0	
0	0	0	0	0	0	0	0	0	0	0	0	0	0	0	0	0	0	0	1376	0	640	0	0	988	0	0	0	0	650	0	0	0	0	0	0	0	0	0	0	0	0	0	520	0	0	0	1371	736	681	0	0	0	0	0	0	0	592	0	740	0	0	0	0	587	0	0	0	0	0	0	0	0	0	0	0	0	0	0	0	0	0	0	956	1018	0	0	0	0	0	0	0	1207	0	0	1323	0	0	0	527	
0	0	0	0	0	0	0	579	0	0	0	0	0	0	0	0	0	0	0	0	0	0	577	0	0	0	0	0	0	0	0	0	0	0	0	0	0	0	0	841	0	0	0	0	0	0	970	0	0	0	0	0	516	0	0	0	0	0	0	0	0	0	0	0	0	0	0	0	0	0	717	0	0	0	0	0	0	0	0	0	0	0	0	0	0	0	0	0	0	0	0	0	0	0	0	0	0	0	0	0	
0	1388	0	0	0	0	0	0	0	0	0	0	0	0	0	0	931	0	0	0	0	1327	0	1006	0	0	0	0	0	0	0	983	1407	0	0	0	0	0	0	0	0	0	0	0	0	0	0	0	0	0	0	0	0	0	0	0	0	0	0	0	0	0	0	0	0	0	0	0	0	0	0	0	0	0	0	1456	0	0	0	0	0	662	0	1220	0	0	0	0	0	0	0	0	0	0	0	0	0	0	0	0	
0	1189	0	0	0	0	0	1264	1265	0	0	0	0	0	0	0	791	0	0	0	0	0	620	1498	0	0	0	0	772	0	0	0	0	653	0	1443	0	0	0	0	1320	0	0	0	0	0	0	0	0	0	0	0	0	0	0	0	0	0	0	0	0	0	0	0	590	0	730	0	0	0	0	0	0	1122	0	0	0	0	0	0	0	0	0	0	0	0	0	0	575	0	0	0	0	0	0	0	0	0	0	0	
0	0	0	0	0	773	0	0	0	0	0	0	0	0	0	0	0	0	0	0	0	0	0	0	0	0	0	0	0	0	0	0	0	673	0	0	1438	0	0	0	0	0	0	0	0	0	0	0	0	0	0	0	0	0	0	0	0	0	0	0	0	0	0	0	0	0	0	0	0	0	0	0	0	0	0	0	0	0	0	0	979	0	0	1241	0	0	0	0	0	1472	0	0	0	0	0	0	689	0	0	1189	
0	0	0	0	0	0	0	0	0	0	0	0	0	0	637	0	0	0	0	0	951	0	0	0	620	0	0	1074	0	1328	0	0	0	0	0	0	971	0	0	0	0	0	0	0	0	0	0	0	0	0	0	0	0	0	0	0	0	0	0	0	0	1145	0	0	0	0	0	0	511	0	0	0	0	0	0	0	0	1052	0	0	0	0	0	0	0	0	0	0	0	829	0	0	0	0	0	0	0	0	0	0	
0	0	0	0	0	0	0	0	0	0	0	0	0	0	0	0	0	1091	1275	0	0	0	0	0	0	0	0	0	0	0	0	0	0	0	0	0	0	0	0	0	0	1109	0	0	0	0	0	0	0	912	1481	0	0	0	1105	0	0	0	0	0	0	0	0	0	0	0	0	0	0	0	0	0	0	0	0	0	0	0	0	0	0	0	0	0	0	0	0	0	0	1203	0	0	0	0	0	0	0	0	0	541	
0	0	0	1076	0	0	0	1008	1463	0	0	0	0	0	0	0	0	1377	0	0	0	899	756	0	0	0	0	0	0	0	0	0	0	0	0	0	0	0	0	0	0	0	1481	0	1498	0	0	0	1438	0	0	0	0	0	0	1427	0	0	0	0	0	0	0	0	0	0	0	0	0	0	0	0	0	0	0	0	0	0	0	0	0	0	0	0	1054	0	0	0	0	0	1302	0	0	0	0	0	0	1203	0	0	
0	0	0	0	0	727	0	0	0	0	0	0	1256	0	0	0	0	0	0	0	0	0	1372	0	0	0	0	0	0	0	0	623	0	0	0	0	0	0	0	0	0	0	0	1285	0	0	1162	0	0	0	0	0	0	0	0	0	0	0	0	0	916	0	0	832	0	0	0	0	0	0	0	0	0	0	0	0	1334	0	0	0	946	0	0	0	0	0	0	0	0	0	0	0	0	0	0	0	0	1197	0	0	
0	0	0	0	0	0	0	0	630	0	0	0	571	0	0	0	0	0	702	0	0	0	0	0	0	0	0	0	0	0	629	0	0	0	0	0	1099	0	0	0	0	1160	0	0	0	536	0	0	0	0	0	0	0	0	0	0	825	1079	0	0	0	0	806	0	0	0	0	1084	0	0	0	1078	0	0	0	1417	0	0	0	0	0	0	0	0	0	0	0	0	0	0	0	0	0	0	0	1303	0	1023	0	0	
0	0	0	0	0	0	0	0	842	0	0	0	0	0	1198	0	0	0	0	0	0	0	0	0	0	0	0	0	0	1293	0	0	0	0	0	0	0	0	0	0	0	0	0	0	0	0	0	0	769	0	0	0	0	0	0	0	0	1381	0	0	0	0	0	0	0	0	0	0	0	0	0	0	1114	936	0	1166	0	782	0	0	0	0	0	0	0	0	0	0	0	1317	0	0	0	0	0	0	0	0	0	665	
1232	0	0	0	0	0	0	0	0	0	0	0	0	0	0	0	0	0	0	0	0	0	0	0	0	0	0	0	0	0	0	0	522	0	0	0	0	0	0	0	0	0	0	0	0	0	653	0	1007	0	0	0	0	0	0	0	0	0	0	0	805	0	0	0	1345	0	0	0	0	0	0	0	863	0	0	0	0	0	0	0	0	0	0	0	0	0	0	0	0	0	0	0	0	0	0	1254	0	0	0	0	
0	0	0	0	0	0	0	0	0	576	629	0	0	0	0	0	0	0	0	1410	0	0	0	0	1287	1476	1354	1278	0	0	528	746	754	0	0	0	0	0	0	964	0	0	0	652	0	0	0	0	0	0	0	0	0	0	0	0	0	0	0	0	0	0	0	0	0	0	0	0	0	0	0	0	0	0	0	0	0	0	0	0	0	1431	1055	0	0	0	0	556	0	0	0	0	0	0	0	0	0	0	0	0	
0	0	0	0	0	0	0	957	0	0	0	0	0	1291	0	0	0	0	0	0	0	0	0	0	0	0	0	0	0	0	0	0	0	0	0	0	0	0	0	0	0	1214	0	0	0	0	0	0	0	0	0	0	0	0	673	0	0	0	657	0	0	0	0	0	1483	0	0	0	0	0	838	0	0	0	0	0	511	0	0	0	0	898	0	0	0	912	0	0	0	0	0	0	0	0	0	0	524	0	0	0	
0	0	0	0	0	0	0	0	0	0	0	0	0	0	0	0	0	0	1102	0	0	0	0	1040	0	0	0	0	0	0	0	0	0	0	0	0	0	0	0	0	1428	0	0	0	0	0	0	0	0	0	0	0	0	0	0	0	0	1431	0	0	0	0	781	1400	0	0	0	0	998	0	0	0	0	0	0	0	1018	0	0	0	0	0	0	0	0	0	0	0	0	0	0	1341	946	0	0	0	571	0	0	0	
0	0	0	0	0	0	0	0	0	0	0	0	0	0	0	0	0	1053	0	0	0	0	0	0	0	0	0	0	506	0	0	0	0	688	0	612	0	0	0	0	0	967	0	0	0	0	0	0	619	0	0	0	0	0	0	0	0	0	0	0	0	0	855	0	0	677	0	0	0	1045	0	0	0	612	0	0	0	0	0	0	0	0	0	799	0	0	0	0	0	0	0	0	0	0	0	0	0	0	0	0	
0	0	0	0	0	0	0	0	0	0	0	0	0	0	0	0	0	0	0	0	0	0	0	0	0	0	0	1230	0	0	0	0	0	0	1396	0	0	0	0	0	1324	0	0	760	0	0	0	0	0	0	0	0	0	0	0	0	808	0	0	0	0	0	0	0	0	0	0	0	0	0	0	0	0	0	0	0	0	0	0	0	0	0	0	0	0	0	0	0	0	0	716	0	0	0	0	0	0	0	0	1290	
0	0	0	1085	0	0	0	0	0	1343	0	0	0	0	0	0	0	0	0	0	0	0	0	0	0	0	0	0	0	0	0	0	0	0	0	0	0	0	0	0	945	0	0	0	0	0	0	0	0	1328	0	731	0	0	0	0	0	0	702	0	0	0	0	0	0	646	0	0	0	0	0	0	0	0	0	0	0	0	0	0	0	0	0	0	0	0	0	0	0	1057	593	0	0	0	0	0	0	0	0	0	
1289	0	0	0	0	0	0	0	0	0	0	0	0	0	0	0	0	0	0	1291	0	0	0	0	0	0	0	0	1096	0	0	0	0	0	0	0	0	0	0	1121	0	0	601	0	0	0	0	0	0	0	1301	0	0	0	0	0	0	0	0	0	0	0	526	0	0	0	0	0	0	0	0	0	0	0	0	0	813	0	0	0	0	0	0	0	0	0	0	0	0	0	0	0	0	0	0	0	0	0	0	1253	
0	718	0	0	0	0	0	976	1376	0	0	0	0	0	0	0	0	0	0	0	0	0	0	0	1198	0	0	1076	0	0	0	0	0	722	0	0	0	0	0	0	0	0	0	0	0	0	0	0	1237	0	0	0	0	0	0	0	0	0	0	0	0	0	0	1336	0	0	0	0	0	0	0	0	0	0	0	0	0	0	0	0	0	0	897	0	0	0	1064	0	0	629	1085	1137	0	0	0	1065	0	0	0	0	
