100
0	0	0	0	0	0	0	0	0	0	0	0	0	0	0	0	0	0	0	0	0	0	0	0	0	0	0	0	0	0	615	1256	0	0	0	0	0	0	0	0	827	0	0	0	0	0	0	0	0	0	0	639	0	0	0	1210	0	0	0	0	0	0	0	0	0	0	0	0	0	743	0	0	0	0	0	0	0	0	0	0	0	0	0	0	1140	1377	0	794	0	0	0	0	0	0	0	0	0	0	0	0	
0	0	0	0	0	0	0	0	0	804	0	0	0	0	0	0	0	0	0	804	600	0	0	0	0	0	0	0	0	0	0	0	0	0	0	0	0	0	0	0	1394	0	0	0	0	0	0	0	0	0	0	0	0	0	0	0	0	0	0	0	0	0	0	0	0	0	0	0	0	0	762	0	0	0	0	0	0	0	0	0	1220	0	0	820	0	0	560	0	0	0	0	0	0	0	0	0	830	0	0	0	
1056	0	0	0	0	0	0	0	0	0	0	0	967	569	0	0	0	0	0	0	0	0	0	0	1109	0	0	0	0	0	0	1348	0	899	0	0	0	0	0	0	0	0	817	0	1127	0	0	927	0	0	0	0	0	1373	0	0	0	0	0	0	0	0	0	0	0	0	0	0	0	0	0	0	0	0	0	0	0	0	0	0	0	0	0	0	0	0	781	0	0	0	0	0	0	0	0	0	0	0	0	1244	
0	0	1036	0	0	0	0	0	0	0	0	0	0	0	0	0	0	0	0	0	0	0	0	0	0	0	0	0	0	0	0	0	0	0	0	0	0	0	646	0	0	0	0	0	0	0	0	0	0	0	0	0	0	0	0	0	0	0	0	0	0	0	0	0	1441	0	0	0	0	510	0	0	0	0	0	0	0	0	0	0	0	0	0	1357	0	0	0	0	1367	0	0	0	0	0	0	0	0	0	0	0	
0	0	0	0	0	0	0	0	0	0	0	0	0	0	0	0	0	0	979	0	0	0	0	0	0	0	0	1091	0	0	0	0	0	0	0	0	0	0	0	0	0	0	0	0	0	0	0	0	0	0	0	0	0	0	0	0	0	0	0	0	0	0	0	0	940	0	0	0	0	0	0	0	570	0	0	1085	0	0	0	0	0	0	0	0	0	0	0	0	0	0	1331	0	0	0	0	0	0	0	0	0	
0	0	0	0	0	0	0	0	0	0	0	0	0	1116	0	0	913	956	0	0	0	0	0	0	0	0	0	742	0	931	0	0	1219	0	0	0	0	0	0	0	0	0	0	0	0	0	0	1001	0	0	0	0	0	0	0	0	0	0	0	0	0	1437	0	0	0	0	0	0	0	0	0	0	0	0	0	0	0	0	0	0	0	0	0	0	0	0	0	1109	0	1189	0	0	0	0	0	0	0	0	0	0	
0	0	0	0	0	0	0	0	0	0	0	0	0	0	0	0	0	0	0	0	0	0	0	0	0	0	0	0	706	0	0	0	0	0	0	0	0	0	0	0	0	1339	0	0	0	0	0	0	0	0	0	0	0	0	0	0	0	1329	0	0	0	0	987	696	0	0	0	0	0	0	0	0	0	0	780	0	940	776	1220	0	0	0	0	0	0	0	0	0	0	0	0	0	0	0	0	0	0	0	0	0	
0	0	0	1285	1257	0	0	0	1110	0	0	0	0	0	0	0	0	0	0	0	0	0	0	0	0	0	505	0	0	0	0	0	0	0	0	0	0	0	0	0	0	0	880	0	0	0	0	0	0	0	0	0	0	0	0	0	0	0	0	0	0	0	0	0	0	0	0	0	0	0	0	0	0	0	0	0	0	0	0	0	0	0	0	0	0	0	0	0	0	571	0	0	1498	0	0	0	0	0	0	0	
0	0	0	0	0	0	0	0	0	0	0	0	0	621	0	0	0	0	0	0	0	0	0	0	0	0	0	0	1472	0	928	0	0	0	0	0	0	0	0	683	0	899	0	0	0	0	763	0	0	0	0	0	0	0	0	0	0	0	0	0	0	0	0	0	0	0	1200	0	0	0	0	0	0	1272	0	1385	0	0	984	665	0	0	985	0	0	0	1118	0	0	0	0	0	0	0	0	0	0	0	0	0	
0	1488	0	0	0	0	0	0	0	0	0	0	0	0	0	0	0	0	0	0	0	0	0	0	0	0	0	0	0	0	0	1453	0	0	0	0	0	0	0	0	0	833	0	0	0	0	0	0	0	0	0	0	0	0	0	0	0	0	0	0	0	0	0	0	0	0	0	0	0	986	0	0	0	699	0	0	0	0	0	0	0	0	0	0	0	0	548	520	0	0	0	0	622	0	0	0	1360	0	0	0	
0	0	0	620	0	0	0	0	0	0	0	0	0	0	0	0	0	0	0	0	0	0	0	0	0	0	1352	0	0	0	0	0	809	0	0	0	0	0	0	0	0	0	0	0	0	0	782	0	0	0	0	0	0	0	1441	0	0	0	0	0	0	0	0	0	0	0	0	0	0	0	0	677	1093	1309	0	0	0	0	0	0	0	0	0	0	0	0	0	0	0	0	1172	0	0	0	0	0	0	0	0	0	
0	714	0	0	0	0	833	0	0	0	0	0	986	0	0	1308	0	0	0	0	0	0	519	0	0	0	0	0	0	0	0	0	0	0	0	0	0	0	0	0	1180	0	890	0	0	0	0	0	0	0	0	0	0	0	0	0	0	0	0	0	0	0	1431	0	0	0	0	0	0	1392	0	0	0	0	1236	0	0	0	842	0	0	0	0	0	0	0	0	0	0	0	0	0	0	0	0	0	0	0	0	0	
0	0	0	0	0	0	0	0	898	0	0	0	0	0	0	589	0	0	0	0	0	0	1463	1190	0	0	0	793	0	0	1020	0	0	0	0	0	0	0	0	0	0	0	0	0	0	0	0	0	0	668	0	0	0	0	0	0	515	0	0	0	1098	0	0	0	0	0	0	0	0	0	0	0	1119	0	1496	0	0	0	1280	0	0	0	0	0	0	0	0	0	0	0	0	0	951	0	0	1361	0	0	0	0	
0	0	0	0	0	0	0	0	0	0	1092	0	0	0	0	0	0	0	0	0	0	1385	0	0	0	0	0	0	0	0	0	0	0	0	0	0	0	0	0	0	0	0	0	0	0	0	0	0	0	0	0	0	0	0	0	0	0	0	0	0	0	0	1314	0	0	551	0	0	0	0	0	0	0	0	0	0	0	0	0	1420	0	0	0	0	0	0	0	0	0	1306	0	0	1184	0	0	0	0	0	0	0	
0	0	0	0	0	919	0	0	1256	0	0	0	0	0	0	0	0	0	0	0	0	1000	0	0	1073	0	0	0	0	0	894	0	0	598	0	0	0	0	0	0	0	0	0	0	0	0	0	537	0	1326	0	750	0	0	1011	1082	0	0	0	0	0	1332	0	0	0	0	0	0	999	0	0	0	1038	0	0	0	0	588	1327	0	0	694	0	0	659	0	546	0	0	0	0	0	0	0	0	0	0	0	0	0	
0	0	0	0	0	0	0	0	0	0	0	1070	0	1084	0	0	0	0	0	0	0	0	0	0	0	0	0	0	0	0	0	0	0	0	0	0	0	915	0	0	0	1259	0	0	0	0	0	0	0	0	0	0	0	0	0	945	0	0	0	1488	0	0	0	0	0	0	793	0	0	0	0	0	0	0	0	694	700	0	0	0	0	0	809	0	0	0	0	0	1107	0	0	0	0	0	0	0	0	0	0	0	
0	865	0	0	700	0	0	0	0	0	0	0	0	0	0	0	0	759	0	0	0	976	0	0	0	0	0	0	0	0	0	0	0	0	0	0	788	0	0	0	0	0	0	0	0	0	0	0	0	0	0	0	0	0	0	0	0	0	0	0	0	0	0	0	0	764	0	0	1291	0	0	0	0	890	0	0	0	0	0	0	0	0	0	0	0	0	0	0	0	0	0	0	0	0	0	0	0	0	0	0	
0	0	0	0	0	0	0	0	0	0	0	0	0	0	0	0	0	0	0	0	0	0	0	0	1050	0	0	0	0	0	0	0	0	0	0	0	0	0	0	0	0	0	0	0	0	1387	0	0	0	0	1128	0	0	0	0	0	1373	0	0	0	667	0	0	0	0	0	0	0	0	0	0	1453	0	0	0	0	0	0	0	0	0	0	0	0	0	0	0	0	0	0	0	0	0	0	0	0	0	0	0	0	
715	717	0	0	0	0	813	0	0	0	0	0	0	1228	0	0	0	0	0	0	0	0	0	0	0	0	0	0	0	0	0	0	0	0	0	0	0	0	0	0	0	0	0	0	0	0	0	0	0	0	0	0	0	0	0	0	0	0	0	0	0	0	0	0	712	0	0	1012	0	0	0	0	0	0	0	0	0	0	0	688	0	0	0	0	0	0	0	0	0	0	0	0	0	0	0	0	1045	0	0	0	
0	0	0	0	0	0	0	0	0	0	0	0	0	0	0	0	0	739	0	0	0	0	0	0	1331	0	0	0	0	0	0	0	0	0	0	545	0	0	0	0	0	0	1065	684	0	0	0	0	0	0	0	0	0	1496	0	0	0	831	0	0	0	0	0	0	0	0	0	0	0	0	0	0	0	0	0	784	0	0	0	0	0	1218	0	0	0	0	0	0	0	0	0	0	0	0	0	0	0	0	0	0	
0	0	0	0	0	1332	600	0	0	0	0	0	0	0	0	0	0	0	0	0	0	0	0	0	0	0	0	0	0	0	0	0	0	0	0	0	0	0	0	0	0	0	0	947	0	0	0	1219	604	0	0	0	0	0	0	0	0	0	525	0	0	0	0	0	0	0	0	0	0	0	0	0	0	0	0	0	0	0	0	0	0	0	1037	0	0	0	0	0	0	0	0	0	0	814	0	0	973	0	0	0	
0	0	0	0	0	0	0	0	0	0	0	0	0	0	0	0	0	0	0	0	0	0	0	0	0	0	0	0	0	0	564	0	0	0	0	0	0	0	709	0	0	1423	0	0	0	0	0	0	505	0	0	0	810	0	0	0	0	0	0	0	0	0	874	1483	0	0	0	0	0	780	0	0	0	0	0	0	0	735	0	0	933	0	0	0	0	0	0	902	0	0	0	0	0	0	0	0	631	0	0	0	
575	622	0	0	0	0	0	0	0	0	0	0	0	0	0	0	831	0	0	0	0	0	0	0	1295	0	0	1071	0	0	0	0	0	0	0	0	960	0	0	0	0	609	0	0	0	0	0	0	0	0	962	0	0	0	0	0	0	0	1274	1179	0	0	0	0	0	0	0	0	0	0	0	0	0	0	0	0	0	0	0	0	0	0	0	0	0	1032	0	0	0	0	0	0	0	0	0	756	0	0	0	0	
0	0	800	0	0	0	0	0	0	0	0	0	0	610	0	0	0	0	0	0	0	0	0	0	0	592	0	0	0	0	0	0	0	0	0	0	0	0	0	0	0	0	0	0	0	0	0	0	0	0	0	1188	922	0	793	1051	0	0	0	0	0	786	0	0	0	0	0	0	0	0	0	0	0	1361	0	0	0	0	0	0	1408	0	0	0	0	0	0	0	0	0	0	0	0	0	0	0	0	0	652	0	
1381	0	0	0	0	1259	1331	0	0	0	0	0	0	0	0	0	1282	0	0	0	0	0	0	0	0	0	0	0	0	0	0	0	0	0	0	0	0	0	0	0	1351	0	0	0	0	0	0	0	0	0	0	0	0	0	0	756	1064	0	0	0	0	0	0	0	0	0	0	0	0	0	0	0	0	0	0	0	0	0	0	0	0	0	0	0	0	0	0	0	0	0	0	0	0	0	0	0	0	0	1344	1432	
0	0	0	0	0	0	0	0	0	0	0	0	0	0	0	1178	531	0	0	0	0	0	0	0	0	0	895	0	0	0	0	0	0	0	0	0	0	0	0	0	0	0	0	0	0	0	0	0	0	0	0	0	0	0	0	0	0	0	0	0	0	0	0	0	0	0	0	0	0	0	0	0	0	780	1095	0	0	0	0	0	0	0	0	1026	0	0	0	0	0	0	0	0	0	1499	0	539	0	0	0	0	
0	0	767	0	0	0	0	0	0	0	0	0	0	0	0	0	549	0	0	0	0	0	0	0	0	0	0	0	0	0	0	0	0	0	0	0	0	0	0	0	0	0	0	0	0	0	0	0	1476	0	0	0	0	0	0	0	0	0	0	0	0	0	0	781	0	0	0	0	0	0	0	0	0	1237	0	0	0	0	0	0	0	0	0	0	0	0	0	0	0	0	0	0	946	0	0	0	0	0	0	0	
0	0	0	0	0	0	0	1307	0	0	0	0	0	0	877	0	0	911	0	860	0	0	0	0	1477	740	0	0	0	0	0	0	0	1451	841	0	0	0	0	951	0	0	0	0	0	0	0	0	0	0	0	0	1117	0	0	0	0	0	0	0	1108	0	0	0	0	0	0	0	0	0	0	0	0	0	1205	0	0	0	0	0	0	0	0	0	0	0	0	551	0	0	0	0	0	0	0	0	0	0	0	0	
0	0	0	0	0	0	0	0	0	992	0	0	0	0	0	0	0	0	0	0	0	0	0	0	0	904	0	1082	0	0	0	0	0	0	0	0	0	0	0	0	0	0	0	0	0	0	0	1458	0	0	0	0	0	0	0	0	0	0	0	0	0	1351	0	0	0	0	0	0	0	0	0	0	0	0	0	0	837	0	0	0	0	0	618	0	0	0	0	0	0	0	0	0	0	0	0	0	0	0	0	0	
0	0	0	0	0	0	0	1095	0	0	0	0	0	0	0	588	1186	0	0	0	0	0	0	0	0	0	0	0	0	0	0	655	1402	0	1172	0	0	1263	0	0	0	0	0	0	1209	0	0	0	0	0	0	561	0	0	0	502	0	0	0	0	524	0	0	0	0	0	0	0	0	0	0	1173	0	0	0	1477	0	0	934	621	0	0	0	830	0	0	0	0	0	0	0	0	0	0	0	0	0	0	0	0	
0	0	1331	0	0	0	0	0	0	0	0	0	1029	0	0	0	1273	0	0	0	812	0	0	0	0	0	0	0	0	0	0	1063	0	0	0	0	0	0	0	0	0	0	0	0	0	0	0	0	0	0	0	620	0	0	0	0	0	0	0	0	615	0	0	0	703	0	0	0	0	0	0	0	0	0	0	0	571	0	0	0	0	0	0	0	0	0	0	0	532	0	0	0	0	0	0	0	0	0	0	0	
0	0	0	0	0	0	0	0	0	0	0	0	0	0	0	0	0	0	0	0	0	1257	0	0	0	0	0	0	0	0	0	0	0	0	0	0	0	0	0	0	0	0	0	0	0	0	0	0	0	0	0	0	0	0	1223	0	0	0	0	0	0	0	0	733	0	0	0	0	0	0	0	0	0	0	0	0	0	0	775	0	0	0	1311	0	0	0	0	0	0	0	0	0	0	852	860	0	0	0	0	0	
0	0	0	0	0	1397	0	0	0	0	0	0	0	0	853	0	1301	0	0	0	0	653	0	0	1471	0	0	0	0	0	0	0	0	576	0	0	937	0	0	0	0	0	0	0	0	0	0	0	0	0	0	0	0	0	0	0	0	0	0	0	0	0	0	0	0	0	0	0	0	994	0	0	0	0	0	0	0	583	0	0	0	0	0	0	0	0	0	0	0	0	0	0	0	0	0	0	0	0	0	0	
0	1392	0	0	0	0	0	0	0	0	0	0	0	803	0	1028	1016	0	0	0	0	0	0	0	0	0	0	0	0	0	0	0	0	0	0	0	0	0	1428	0	0	517	1322	0	0	0	1315	0	0	0	781	0	0	0	816	0	0	0	971	923	0	0	0	0	0	0	0	0	1290	0	0	0	0	547	0	0	0	0	0	0	0	0	0	0	0	0	0	0	0	0	0	0	760	0	0	0	0	0	0	0	
0	0	0	0	0	0	0	0	1243	0	0	0	0	0	0	0	0	0	0	0	1427	0	0	0	0	0	0	0	0	0	702	0	0	0	0	0	0	0	0	0	0	694	0	0	0	1464	0	0	851	0	0	0	0	0	0	0	0	525	0	0	0	0	0	0	713	1219	0	0	0	0	0	0	0	0	0	0	0	0	0	0	670	0	0	0	0	0	0	0	0	0	0	0	0	0	0	0	0	0	0	0	
938	0	0	0	0	0	1377	0	0	0	0	0	0	0	0	0	0	0	0	0	0	0	0	0	0	0	0	0	0	0	0	0	0	0	0	0	1222	570	0	0	0	0	0	1421	0	0	0	0	0	0	0	0	0	0	0	804	0	789	0	0	0	0	0	0	0	0	0	0	0	0	0	0	0	0	0	0	0	0	0	0	1483	1218	0	0	0	1067	1289	0	0	0	0	0	0	0	0	0	0	0	0	0	
0	0	0	1364	0	0	0	521	0	0	0	1154	0	0	0	0	0	0	0	0	0	0	1499	681	0	0	0	780	0	1463	0	0	1240	0	0	0	0	0	0	0	0	0	0	0	0	0	0	0	0	0	0	926	0	684	0	0	0	1047	0	0	0	0	0	0	0	0	0	0	0	0	0	0	0	0	0	692	0	0	895	0	0	0	0	0	0	998	0	0	0	0	0	0	0	0	0	0	760	0	0	0	
0	0	0	0	0	0	0	0	0	0	0	0	0	0	0	0	789	0	0	0	1436	0	0	0	1477	0	0	0	0	0	0	0	0	0	0	0	0	0	0	0	0	0	0	0	0	0	0	0	0	0	0	977	0	0	551	0	0	0	0	0	0	0	0	0	0	0	0	0	0	0	0	0	0	0	626	0	0	0	0	0	0	0	0	0	0	0	0	0	0	0	0	0	0	0	0	656	0	0	0	0	
0	968	0	0	0	0	0	0	0	0	0	0	0	0	0	0	0	0	0	0	0	0	0	0	0	0	0	1038	0	0	0	0	0	0	0	0	0	0	0	0	0	0	0	0	0	0	0	0	731	0	0	0	0	817	0	0	0	0	730	0	0	0	0	0	0	0	1107	0	0	0	0	0	0	0	0	0	0	0	0	0	0	0	0	0	0	0	0	0	0	0	0	0	0	0	1189	0	0	0	0	0	
0	0	0	0	0	0	0	0	0	0	0	0	0	0	0	0	0	0	0	0	0	0	0	0	0	0	0	0	0	0	0	0	0	0	0	0	0	0	0	0	0	639	0	0	537	0	0	0	770	0	0	0	0	0	0	0	0	0	0	0	0	0	0	0	0	0	0	0	0	0	0	1329	0	0	0	0	0	0	0	0	0	0	0	0	0	0	0	0	0	0	0	0	0	0	0	0	0	0	0	0	
0	0	0	0	0	0	0	0	0	0	0	0	0	0	0	0	748	0	0	0	0	0	770	0	0	0	0	0	0	0	0	0	0	0	956	0	1032	0	523	1442	0	0	0	0	0	0	1258	0	0	0	0	0	0	0	0	0	0	0	962	0	0	0	0	0	0	0	1296	1279	0	0	0	0	0	0	0	0	0	0	0	0	0	0	857	843	0	0	0	0	0	0	0	0	0	0	1403	0	0	0	0	0	
0	0	0	0	778	0	0	0	0	0	0	0	1205	0	0	0	0	0	0	0	0	0	0	0	0	0	0	0	0	0	0	0	0	0	0	0	675	0	1493	1208	0	0	0	0	0	0	0	0	0	0	0	0	0	0	0	0	0	0	0	0	1150	0	0	0	0	0	0	0	0	0	0	0	0	0	0	0	0	0	0	0	1020	0	0	0	0	0	0	0	0	0	0	0	0	0	0	0	0	0	939	0	
0	801	0	0	0	0	0	0	977	0	0	0	541	0	0	0	0	0	0	0	0	0	0	0	0	0	0	0	911	0	0	0	0	0	0	0	0	0	0	0	0	0	0	0	0	1314	0	0	0	0	602	0	0	0	0	0	0	0	0	1106	0	0	0	0	0	0	0	0	1085	0	0	546	0	0	0	0	0	0	0	0	0	0	1023	0	0	0	0	0	0	0	0	0	0	0	0	920	0	0	0	0	
653	0	0	0	1132	0	0	0	0	0	0	0	0	0	0	0	0	1254	0	0	0	0	0	0	0	0	0	0	0	1199	0	0	0	0	0	0	0	0	0	0	565	0	0	0	1190	0	0	0	0	0	0	1456	0	0	0	0	0	1256	0	0	0	0	0	0	0	0	0	0	0	651	0	0	0	0	0	0	0	779	0	0	0	0	0	0	0	0	0	0	0	0	0	0	0	0	0	0	0	0	0	0	
0	0	0	0	0	0	0	0	0	0	0	0	0	0	0	0	0	0	1174	941	0	0	0	0	0	0	0	0	1189	706	0	0	0	0	0	0	0	0	0	907	0	0	0	0	0	912	0	0	0	0	0	0	0	872	0	0	0	0	0	0	0	0	0	966	0	0	0	0	0	0	0	0	0	0	0	0	0	0	0	0	0	0	0	0	0	0	0	0	0	0	0	0	0	0	616	0	0	0	0	1267	
0	0	0	0	1271	0	0	775	1433	0	0	0	0	0	0	611	0	0	0	0	987	0	0	1066	0	0	0	0	0	0	0	0	0	0	0	0	0	1180	0	0	0	960	0	0	0	0	0	0	0	0	0	0	0	0	0	0	0	0	0	0	0	0	0	0	0	0	0	0	0	0	0	0	0	1095	0	0	0	0	0	0	0	0	0	0	0	0	0	0	0	0	0	0	0	0	0	0	0	0	0	0	
0	0	0	0	0	0	0	0	0	0	0	0	0	0	0	0	0	0	0	0	0	0	0	0	0	1449	0	0	513	0	0	0	0	0	0	0	0	0	0	0	0	0	0	0	1204	0	0	0	0	0	0	0	979	0	0	0	0	0	0	0	0	0	506	0	0	0	0	0	0	1049	0	0	1279	0	0	834	0	789	0	0	0	0	0	0	0	0	0	0	1370	0	1221	0	0	0	0	0	0	0	0	0	
789	0	0	630	1152	1020	0	0	0	1340	0	0	1234	0	0	0	0	0	0	0	0	0	0	0	0	0	1227	0	0	0	0	0	0	0	0	0	0	0	0	0	0	0	0	1069	0	0	0	0	0	0	0	0	0	0	941	0	0	0	0	0	0	0	0	0	0	1254	0	0	0	0	0	0	0	0	1045	0	0	0	0	0	0	0	0	0	0	0	0	0	0	0	0	0	557	0	0	0	0	836	0	0	
0	0	0	0	0	0	0	1121	0	0	0	0	0	0	0	0	0	0	0	0	0	0	0	0	0	0	0	0	0	0	0	568	0	0	0	0	0	0	0	0	0	0	0	0	0	0	0	0	0	0	0	0	1013	0	0	0	0	0	0	0	0	0	1141	0	0	0	0	0	0	0	0	0	0	0	0	0	620	0	0	0	0	0	1424	0	0	0	0	0	0	0	1471	0	0	0	0	0	0	0	0	0	
0	0	0	0	0	0	0	0	0	0	0	0	826	0	0	0	0	0	0	0	0	0	0	0	0	0	0	0	0	0	0	0	0	0	0	0	0	803	0	0	0	0	0	0	0	0	0	0	0	0	0	0	0	0	0	0	0	0	0	1319	0	0	596	0	0	0	0	0	0	0	0	0	0	0	0	0	0	0	0	0	0	0	0	0	0	0	0	0	0	0	745	0	0	0	0	0	0	0	0	0	
0	0	0	0	0	0	0	0	0	0	0	0	0	0	0	0	0	768	0	0	0	0	0	0	0	0	0	0	0	0	0	0	0	0	0	0	0	0	0	1495	0	0	0	0	1323	0	0	0	0	0	0	0	1098	0	0	0	0	0	0	0	0	0	0	670	0	627	0	0	0	0	0	0	0	0	0	0	0	0	0	0	0	0	0	0	0	0	794	870	0	0	0	0	0	0	0	0	687	0	0	0	
0	538	0	0	709	0	514	0	0	0	0	0	0	0	0	0	0	0	0	0	0	0	0	0	545	744	0	0	0	0	0	0	860	0	0	0	531	0	0	0	0	0	0	1313	0	0	1385	0	0	0	571	0	0	1159	0	0	1073	0	0	1276	0	0	0	0	0	0	0	0	0	0	0	823	0	0	780	0	0	0	0	701	0	0	0	0	646	0	0	0	0	890	0	1036	0	0	0	0	0	0	0	0	
0	0	0	0	0	0	0	0	0	0	0	0	982	0	0	0	0	0	0	0	0	993	0	0	0	0	0	0	0	0	0	0	0	0	0	0	0	0	1330	1307	619	0	0	0	0	0	0	0	1299	0	0	0	0	0	1065	0	0	0	0	0	0	0	0	0	0	0	0	0	1422	0	0	0	0	0	981	0	0	0	1095	0	0	0	0	0	0	514	0	0	0	0	0	0	0	1323	1327	0	0	0	0	1060	
0	0	0	0	0	0	0	0	0	0	0	0	0	0	0	0	0	0	0	0	0	0	0	0	0	0	0	0	0	0	0	0	0	0	0	0	0	0	0	0	0	0	0	0	0	0	0	0	0	0	0	0	0	0	0	0	0	0	0	0	0	0	0	0	0	0	0	0	0	0	0	0	0	0	0	0	0	0	0	0	0	0	0	0	0	0	0	623	0	0	0	935	0	0	0	0	0	0	1022	0	
0	0	0	1319	0	0	1053	0	0	0	0	0	0	0	0	0	0	1083	0	0	0	0	0	0	0	0	0	0	0	0	0	0	0	0	0	0	0	0	0	0	0	0	724	0	0	0	0	0	0	0	0	0	0	0	0	0	0	676	0	0	0	0	0	0	0	0	0	0	0	0	0	0	0	0	0	0	0	0	858	0	775	0	0	602	0	0	0	0	0	0	0	0	0	0	0	1026	0	0	0	0	
0	0	0	0	0	0	0	0	0	0	0	0	0	0	0	0	0	0	0	0	0	0	0	0	0	0	0	0	0	0	0	0	0	0	0	0	0	0	0	0	563	0	0	0	0	0	0	0	0	0	0	0	0	0	0	0	0	0	0	0	0	0	0	0	872	0	0	0	0	1073	0	0	0	0	0	0	886	0	0	0	0	1270	0	0	0	0	0	0	0	0	0	0	0	1370	0	0	0	0	0	1339	
0	0	0	0	0	0	0	0	0	0	0	0	0	0	0	0	0	0	0	0	0	0	0	0	0	0	0	0	0	0	0	0	0	0	0	0	0	0	0	0	0	0	0	0	0	0	963	0	0	0	0	0	0	0	0	990	0	0	1223	0	0	0	0	0	0	0	0	0	0	0	0	0	942	1235	0	0	0	0	0	0	0	0	0	0	0	1011	0	0	0	0	0	0	1177	0	0	0	0	0	0	0	
0	0	0	1305	0	0	0	0	0	0	0	0	0	0	0	0	0	0	1370	0	0	0	0	0	0	0	0	815	1083	0	0	0	0	0	0	0	0	0	0	0	0	0	0	0	0	0	0	0	0	0	0	0	0	0	0	0	0	0	0	1416	0	0	556	0	0	1330	0	0	0	0	937	0	0	0	0	1269	0	0	0	0	0	0	0	0	0	0	0	910	0	0	0	0	0	0	0	0	0	1274	0	0	
0	0	0	972	1157	0	0	0	0	0	0	0	0	0	0	1151	0	0	0	0	0	0	0	0	0	0	0	0	837	564	0	0	0	0	0	0	0	0	0	0	0	0	0	0	953	0	1352	0	0	0	0	0	808	0	0	0	0	0	0	0	0	0	0	0	0	0	0	0	0	0	960	0	570	1176	0	0	0	0	0	0	0	0	0	0	0	0	0	0	0	0	0	0	0	547	0	0	0	546	0	0	
0	0	0	0	0	1240	0	0	1111	0	0	0	0	0	0	612	0	0	1274	0	0	0	0	0	0	0	1287	1270	0	0	0	0	0	0	0	0	0	0	0	851	0	0	0	0	0	0	0	0	0	0	1091	1396	0	0	0	0	0	0	0	0	0	0	0	1039	1338	0	0	0	0	0	0	0	0	0	0	0	0	0	0	0	0	0	0	0	0	0	0	1046	0	0	0	0	0	0	0	0	0	0	1436	593	
0	0	0	0	1245	0	0	0	0	0	0	0	0	0	0	0	0	0	0	0	0	0	0	0	0	0	0	0	0	0	0	0	0	0	0	0	1018	0	0	0	0	0	0	0	0	0	1329	0	0	0	0	0	0	0	825	0	0	0	0	0	0	0	0	0	1168	1154	0	1349	0	0	0	0	0	0	0	0	0	0	0	0	0	0	0	0	0	0	0	0	0	0	0	0	0	0	0	0	0	0	0	1153	
0	0	0	0	1360	0	0	0	0	0	0	0	0	0	0	0	0	0	0	0	0	0	0	0	630	0	0	0	0	806	0	0	0	0	0	581	0	0	1154	0	1101	0	0	0	721	0	0	0	0	1477	0	0	1328	0	0	0	0	0	0	0	1134	0	0	0	0	0	0	644	0	0	0	0	0	0	0	0	0	1001	0	1207	0	0	0	0	0	0	0	0	0	0	0	0	0	0	0	0	0	0	762	0	
0	0	0	0	0	0	0	0	0	0	0	0	0	0	0	0	0	0	0	0	0	0	0	0	0	0	0	0	0	0	0	0	0	0	1107	0	0	0	0	0	0	0	0	0	0	0	0	0	0	545	0	918	1045	0	1069	1073	0	0	0	0	0	0	0	0	0	1120	0	0	0	0	0	0	0	0	0	0	0	0	1104	0	0	0	0	0	0	0	0	0	0	0	0	1389	0	1279	0	0	0	0	0	0	
0	0	0	0	0	0	1086	0	1320	0	0	0	0	0	0	0	0	0	0	0	0	0	0	0	0	0	617	0	0	0	0	0	0	0	0	0	0	0	0	0	0	0	0	0	0	0	0	0	0	0	0	0	831	0	0	0	0	0	0	0	0	0	0	0	0	0	0	0	0	0	0	0	0	0	0	0	0	0	0	0	0	0	0	0	0	0	0	0	0	0	0	0	0	0	0	860	0	0	0	0	
0	0	0	0	1477	0	0	0	0	0	0	0	0	0	0	0	0	0	0	0	0	0	0	0	0	0	0	0	0	0	0	0	0	0	0	0	0	0	0	0	0	0	0	0	0	0	0	0	0	0	0	0	0	0	0	0	0	0	0	0	0	0	0	0	0	0	0	0	0	0	0	1062	0	1102	0	587	0	0	0	0	670	0	0	0	1435	1022	0	0	0	0	0	0	0	0	0	0	0	548	0	0	
0	0	0	0	0	0	0	0	0	0	974	0	0	0	0	0	0	1110	0	0	0	0	0	0	0	1336	0	0	0	0	0	0	0	0	0	0	609	0	0	619	0	0	0	0	0	0	0	0	0	0	0	0	0	0	0	967	0	0	0	0	0	0	0	1301	1429	0	0	0	0	0	0	965	0	0	0	0	0	876	0	1245	0	0	0	0	0	0	0	0	0	0	0	1492	0	0	0	0	0	0	0	0	
0	0	0	0	0	0	0	0	0	0	0	0	0	0	0	0	0	0	0	0	0	0	0	0	0	0	0	0	0	0	0	0	0	0	665	0	0	0	0	1317	0	0	707	0	0	0	0	0	0	0	0	0	0	0	0	916	0	0	0	0	0	0	0	0	0	0	0	0	0	0	0	0	0	0	0	0	0	0	0	0	0	0	0	0	0	0	887	0	0	0	0	0	0	1440	0	0	0	0	0	0	
0	0	0	0	0	0	0	0	0	0	0	0	0	0	0	0	0	0	0	0	0	0	0	0	805	0	0	0	0	0	721	0	0	0	0	0	0	0	0	0	993	0	0	0	0	0	818	1192	0	0	0	0	781	0	0	0	0	0	917	0	0	0	0	0	0	0	0	0	0	0	1225	0	0	0	0	0	0	0	0	0	0	0	0	0	0	0	0	0	0	0	0	0	0	0	0	0	0	0	0	0	
0	0	0	0	0	0	0	0	0	0	0	0	0	0	0	0	0	0	0	0	0	0	0	0	0	0	0	0	0	0	1161	0	0	0	0	1103	0	0	970	0	0	0	1134	0	0	0	0	0	0	1122	0	0	0	0	0	0	0	0	1412	0	0	0	1492	0	0	0	0	0	0	0	0	0	0	0	0	0	0	0	0	0	0	0	0	0	0	0	0	0	0	0	0	0	0	0	0	0	1410	0	1473	0	
0	0	0	0	0	1388	0	0	0	0	0	0	0	0	0	1266	0	0	0	0	932	0	0	992	0	0	0	0	0	0	0	0	0	0	0	0	0	0	0	0	0	0	0	0	0	0	0	0	0	0	0	0	0	0	0	0	0	0	0	983	0	604	0	0	0	0	0	0	0	0	0	0	0	0	1498	0	0	0	535	0	0	0	0	0	1314	0	0	0	0	0	0	0	0	1256	0	0	0	0	0	0	
0	0	0	0	602	0	0	0	852	0	0	0	0	1402	0	0	0	0	0	0	0	0	0	0	0	0	0	0	0	0	0	0	1349	0	0	0	0	0	0	0	0	0	0	0	0	0	0	0	899	0	0	0	0	0	0	0	0	0	0	0	0	0	797	0	0	0	0	0	0	0	0	0	0	0	0	0	0	0	1213	0	0	0	1208	0	0	0	1248	0	0	0	0	0	0	0	0	0	0	0	0	0	
0	0	1120	0	0	0	0	0	0	0	0	0	0	709	0	0	0	969	0	0	0	0	0	0	0	0	0	666	0	1164	0	0	0	0	0	0	0	0	0	0	1470	0	0	0	0	0	0	0	762	0	0	0	0	0	0	0	1028	830	0	0	0	0	0	0	0	0	0	0	0	0	0	0	0	0	0	0	0	0	0	0	0	0	0	0	0	0	0	0	0	0	0	0	860	0	0	0	0	0	0	0	
0	0	0	0	0	1112	0	0	0	0	0	0	0	0	0	0	0	747	0	0	0	0	0	0	0	0	0	0	1022	0	0	0	0	0	1459	0	0	0	0	0	0	0	760	0	0	0	0	1146	0	0	1127	1120	0	0	0	0	0	0	0	0	0	0	0	0	0	0	0	0	0	0	0	0	0	0	0	0	0	0	0	0	0	0	0	0	1173	0	0	0	0	0	1167	0	0	0	658	0	0	0	0	1120	
570	0	0	0	0	0	0	0	0	0	0	0	0	0	0	0	785	0	0	0	0	659	0	0	0	0	0	0	0	0	0	0	0	0	0	0	858	0	0	0	886	0	0	0	0	0	0	0	546	0	0	0	0	0	0	0	0	0	0	0	0	0	0	0	0	0	0	0	1111	0	0	1209	0	0	0	0	0	0	0	0	0	0	0	0	0	0	0	0	1208	0	0	0	0	0	0	0	0	538	0	0	
0	0	0	0	0	0	0	0	0	0	0	1116	0	0	0	0	0	0	0	621	0	0	0	0	0	536	0	0	0	0	0	742	0	0	0	0	0	0	0	1173	0	0	0	0	0	0	0	0	0	0	0	0	0	0	796	0	0	0	774	0	0	0	717	0	975	0	0	0	0	0	0	0	0	0	0	938	0	0	0	0	0	0	0	0	1201	0	0	0	0	0	0	0	0	0	0	0	0	0	0	0	
0	0	953	0	0	0	0	0	0	0	0	0	0	0	0	0	0	0	0	0	1223	0	0	0	0	0	0	0	0	1114	0	0	0	0	0	1064	0	0	0	0	0	0	712	0	747	0	0	0	0	0	0	0	0	0	0	0	0	0	0	0	0	0	0	0	0	0	0	0	0	0	0	0	0	0	0	0	0	0	0	0	0	0	0	0	0	0	0	0	1432	704	0	0	0	0	0	668	0	0	951	0	
0	0	0	0	615	1430	0	0	0	0	0	0	0	0	0	0	0	0	0	0	0	0	0	0	0	1458	0	0	0	0	0	0	0	0	0	0	0	0	0	0	0	0	0	0	0	0	0	0	0	0	0	0	0	0	0	0	0	0	852	0	0	0	0	0	0	0	1259	0	0	0	0	0	0	0	0	0	0	0	0	0	0	0	0	0	0	0	0	0	0	888	0	0	1160	0	0	0	0	0	0	0	
0	0	0	0	0	0	0	0	0	0	0	0	0	0	0	0	1383	0	0	0	0	0	0	0	0	0	0	0	0	0	0	0	0	0	0	0	0	0	0	0	0	0	0	0	0	0	0	0	0	0	0	0	1237	0	0	0	0	0	0	0	0	0	0	0	0	0	977	0	0	898	0	0	0	0	0	0	0	0	0	0	0	0	0	0	0	0	0	0	0	0	0	0	0	0	0	0	0	0	0	896	
0	0	0	818	0	0	0	0	0	0	0	800	0	0	0	0	0	0	0	0	0	0	0	0	0	0	0	0	0	0	0	0	0	0	0	0	0	0	974	0	0	0	0	0	0	0	1215	0	0	0	1371	0	0	0	0	0	0	0	0	0	0	1200	0	0	863	0	0	0	0	0	0	0	0	0	0	0	0	0	0	0	0	0	599	0	0	0	0	0	0	0	0	0	721	0	0	0	0	0	0	0	
0	1444	0	0	0	0	0	1006	0	0	0	0	0	0	0	0	868	838	0	0	0	0	0	0	0	0	0	0	0	0	0	0	0	0	0	0	0	0	0	0	0	0	0	0	0	0	0	0	0	0	0	0	0	873	0	907	622	0	0	0	0	0	0	0	0	1358	0	0	0	0	0	0	0	0	0	0	503	0	0	0	0	0	0	0	0	699	0	0	0	0	0	0	0	0	0	0	1153	0	0	0	
1358	0	0	0	0	0	0	0	0	0	0	0	0	0	0	736	0	0	0	0	0	0	0	0	0	1283	0	0	0	0	0	0	0	0	0	0	0	1055	0	0	942	0	0	0	0	0	0	0	0	0	0	0	0	0	0	0	0	0	1254	0	0	0	0	637	0	0	0	0	0	0	0	1325	0	1278	0	0	0	0	0	0	0	0	0	0	0	0	0	0	0	0	0	0	0	0	0	0	1491	0	0	0	
1106	0	0	0	0	0	664	1361	0	720	0	0	0	0	0	0	0	0	0	0	0	0	0	0	0	0	0	0	0	0	0	0	0	0	760	0	0	0	0	0	0	0	918	0	0	1143	0	0	0	0	0	0	0	0	0	0	0	0	0	0	1225	0	0	0	0	0	0	0	0	0	0	0	0	0	0	0	0	0	0	0	0	0	0	0	0	0	0	0	0	0	0	0	540	0	0	0	0	0	0	0	
0	0	0	1202	0	0	0	0	0	0	842	0	0	0	0	0	0	528	0	0	0	0	0	0	0	0	0	0	0	0	0	0	0	0	0	0	0	0	0	0	0	0	0	0	0	0	0	0	0	1353	0	0	725	0	0	0	1401	0	1141	0	0	0	0	0	0	0	0	0	0	0	560	0	0	0	0	0	0	0	0	0	0	0	0	0	0	0	0	0	0	0	0	0	0	0	0	0	1226	0	0	0	
0	0	0	0	0	0	0	0	0	0	0	0	0	0	0	0	0	0	0	0	0	0	0	0	0	0	0	693	0	0	0	0	0	0	0	0	0	0	0	0	0	0	0	0	0	0	0	0	0	0	0	0	0	0	0	0	0	0	0	0	0	0	0	0	1346	0	0	0	0	934	0	0	0	1189	0	884	0	0	0	1010	0	0	0	0	0	0	0	0	0	0	0	0	0	0	0	0	0	0	0	0	
0	0	0	0	0	0	0	865	0	0	0	0	0	0	0	0	0	774	0	0	0	0	0	0	0	0	0	0	0	0	0	0	0	0	0	0	0	0	0	0	0	0	0	0	817	0	0	1187	0	0	0	0	0	0	0	0	0	0	0	0	0	0	0	0	0	0	0	0	0	0	0	0	0	0	0	0	0	0	0	0	0	0	0	0	0	0	848	0	0	1240	0	0	0	1417	0	0	0	0	0	0	
0	0	0	0	0	0	0	0	0	0	0	0	0	0	0	0	0	0	0	0	0	0	0	0	794	0	0	0	0	0	0	727	673	0	0	881	0	0	0	0	0	0	0	0	0	0	0	0	0	0	0	0	0	1145	877	0	0	0	0	0	0	0	0	0	0	0	0	0	0	0	0	1040	0	1474	0	0	0	598	0	0	0	0	0	0	584	0	0	518	0	538	0	0	0	0	0	0	0	0	0	0	
0	0	0	0	0	0	0	0	0	0	634	0	0	0	0	0	0	0	0	0	0	0	1325	0	0	0	0	0	1039	0	0	0	0	0	0	0	0	0	0	0	0	0	0	0	0	0	0	0	1401	1148	0	0	673	0	0	0	0	0	0	1282	1010	0	0	0	0	927	0	0	0	0	0	0	778	0	0	0	0	0	0	0	0	0	0	0	0	1460	0	0	0	0	0	0	0	0	0	0	1041	0	0	858	
0	722	0	0	1167	0	0	0	0	0	0	0	0	0	860	0	0	0	0	0	0	0	0	0	0	0	0	850	0	0	0	0	0	0	0	0	958	0	0	0	0	0	0	0	0	0	0	951	0	0	975	0	0	0	0	0	0	0	0	0	0	1056	0	0	0	556	0	0	0	0	0	0	0	0	0	0	0	0	0	0	0	0	0	0	0	1269	0	0	0	0	0	0	0	0	0	0	0	0	0	0	
0	0	0	0	0	1251	0	0	0	0	1418	0	0	0	1366	1260	0	0	818	0	1146	0	0	0	0	0	0	0	0	0	0	0	0	0	0	0	684	0	0	0	0	1394	0	0	0	0	0	0	0	0	0	0	1161	1079	0	0	0	0	0	0	0	0	0	0	0	0	0	0	0	0	0	0	0	0	0	0	0	0	0	0	0	0	0	0	0	0	0	0	0	0	0	0	0	0	0	0	0	0	0	0	
0	0	0	0	0	0	0	0	0	0	0	759	0	0	0	0	0	842	0	0	0	0	0	820	0	0	0	0	0	0	0	0	0	0	0	0	0	0	0	0	0	0	0	0	0	1418	0	0	800	0	0	0	0	0	0	0	0	0	0	0	0	0	0	711	0	0	0	0	0	0	0	0	0	1229	0	0	0	0	1376	0	0	0	0	0	0	0	877	0	0	0	0	0	0	0	0	0	0	0	0	0	
0	0	0	0	0	0	0	0	0	0	0	0	0	0	0	556	979	0	551	0	0	1358	0	0	0	0	0	0	0	0	0	0	0	0	0	0	0	0	0	0	1432	0	0	0	823	0	0	0	1071	0	0	0	0	0	0	0	0	0	0	0	0	1138	0	0	0	0	0	0	0	0	607	0	0	0	1128	0	0	0	0	0	0	0	0	0	0	0	0	0	0	0	0	0	648	0	0	0	0	0	0	0	
1357	0	0	931	0	0	0	0	512	0	0	0	0	688	722	0	0	0	0	0	0	0	0	0	0	0	0	0	0	0	1083	0	0	0	0	0	0	0	753	0	0	0	0	0	618	1116	0	1277	0	0	0	0	0	0	0	0	0	0	0	0	0	0	0	0	0	1317	0	0	1498	0	853	0	954	0	0	0	0	0	0	0	0	0	1288	0	0	0	0	0	0	0	994	0	0	0	0	0	1313	0	1475	0	
0	0	0	0	0	0	0	0	0	0	0	665	0	0	0	0	0	811	0	0	0	0	0	0	0	0	0	0	0	0	0	0	0	0	0	0	853	1155	0	0	1143	0	0	0	0	0	0	0	0	0	0	0	0	0	0	0	0	0	0	0	0	0	0	0	0	0	0	0	0	822	0	0	0	0	0	1334	0	0	0	0	0	565	0	0	0	0	0	874	0	997	536	0	0	0	520	0	0	0	0	0	
0	0	0	0	0	0	1017	0	0	0	0	0	0	0	0	0	0	0	0	0	0	928	0	0	1106	0	617	0	0	0	0	0	0	0	0	0	0	0	0	773	1315	0	0	0	0	0	0	0	0	0	0	0	0	0	0	1256	0	0	0	0	0	0	598	951	0	0	1443	0	0	0	0	0	0	0	0	0	0	0	0	0	0	0	792	0	0	0	0	0	0	0	0	618	0	0	0	0	0	0	0	0	
0	0	0	517	0	0	0	0	0	0	0	670	0	0	0	1023	0	958	0	0	0	0	1366	0	0	0	0	0	0	0	0	0	0	0	0	0	0	552	0	0	0	0	1109	1165	0	1396	0	0	0	0	0	1483	638	0	0	0	0	1224	0	0	0	0	1177	0	0	0	0	0	0	0	1497	0	0	0	0	0	1454	0	0	808	0	0	0	0	0	0	0	0	0	0	0	0	0	882	0	0	0	0	0	0	
0	0	0	0	1175	0	625	0	0	0	0	0	0	0	0	0	0	0	0	0	0	0	0	0	871	0	0	905	0	0	0	0	0	0	0	0	0	0	0	0	0	0	0	0	0	0	0	0	964	0	0	0	0	0	0	0	0	0	0	0	1133	0	0	0	0	1309	0	0	0	0	0	0	0	0	0	0	0	0	0	0	0	993	0	0	0	0	0	560	0	0	0	0	0	0	0	0	0	0	0	0	
0	0	0	0	0	0	0	0	0	0	0	0	0	0	0	0	0	0	1171	0	0	0	0	0	0	0	749	0	0	0	0	0	0	0	0	0	0	0	0	0	0	0	0	0	0	0	0	0	0	0	0	0	0	0	519	0	0	0	0	1095	0	0	1200	0	0	0	0	0	0	0	0	0	0	0	0	1052	0	0	0	857	0	1184	0	0	0	624	0	0	0	0	0	0	0	0	0	0	0	0	0	0	
0	0	0	0	0	0	1061	0	0	0	0	0	0	0	0	0	0	0	0	0	0	0	0	0	0	724	0	0	0	0	0	0	0	0	0	0	0	0	0	0	0	0	0	0	0	0	0	0	0	0	0	0	0	0	1056	0	1290	1251	0	0	0	0	0	0	0	0	0	0	0	0	0	0	0	0	0	809	0	0	0	0	0	0	0	0	0	0	0	0	0	1118	0	0	0	1292	0	0	0	0	0	0	
0	0	0	0	0	0	0	0	0	1144	1315	0	0	0	0	0	0	0	0	0	0	0	0	0	0	0	0	0	0	0	0	0	0	0	0	0	0	0	0	0	0	0	0	652	0	0	0	0	0	546	0	0	0	0	0	0	0	0	0	0	0	0	0	0	0	0	0	0	0	0	0	0	0	0	0	0	0	0	0	0	599	0	0	0	0	0	0	0	0	0	508	0	0	0	846	0	0	0	0	0	
0	0	0	0	0	0	507	0	0	0	612	0	0	0	0	0	0	0	0	0	0	0	0	0	0	0	0	0	0	0	0	0	0	0	0	0	0	0	0	0	0	0	0	0	0	626	1345	0	0	0	0	0	0	0	0	0	1057	0	0	0	517	0	0	0	0	0	0	0	0	0	0	0	0	0	0	0	0	0	0	0	0	0	0	1258	0	0	1332	0	0	0	0	1045	0	0	0	0	0	0	0	0	
