100
0	0	0	0	0	0	0	889	0	880	0	0	0	0	0	578	0	0	0	949	0	0	0	0	0	0	1115	0	639	0	0	0	0	1193	0	0	0	0	0	0	0	0	0	0	0	0	0	0	0	1176	0	0	0	0	610	504	0	1122	0	0	0	0	1162	0	0	0	0	0	0	0	0	982	0	0	0	0	0	0	0	0	0	1357	0	0	0	0	0	0	0	0	0	0	0	1220	0	0	0	0	0	1485	
0	0	1001	0	0	0	0	0	0	0	0	0	0	0	0	0	0	0	0	0	0	0	0	0	827	0	1165	0	1347	0	0	1295	0	0	0	0	0	0	0	0	0	0	0	0	0	0	0	0	0	0	0	0	0	0	0	0	0	0	0	0	0	0	0	0	578	0	0	0	0	0	0	0	0	979	0	0	0	0	1356	0	0	0	0	0	0	0	995	0	0	0	0	1153	0	0	0	0	0	1472	0	0	
0	0	0	0	0	0	0	0	0	0	0	0	0	0	0	1306	0	0	0	0	0	0	0	1026	1490	0	0	629	0	0	0	0	0	0	726	0	0	0	0	0	0	0	0	0	0	0	0	619	0	0	0	0	0	0	0	0	1479	0	0	0	0	0	0	1402	0	0	0	0	1362	0	0	529	0	0	0	0	0	0	0	0	0	0	0	597	0	0	0	0	1327	0	0	0	0	0	1074	0	0	0	0	0	
0	0	1403	0	0	1182	0	0	0	0	0	0	0	1327	1154	0	0	0	772	0	0	0	0	0	0	0	0	0	1460	0	0	0	0	1434	0	0	0	0	0	0	0	0	0	0	0	1104	0	0	0	0	0	0	0	0	0	0	0	0	0	0	0	0	0	0	0	0	0	0	0	0	529	0	0	0	0	0	0	0	0	0	0	591	0	0	0	634	0	0	0	710	0	0	0	0	0	0	0	0	768	0	
0	0	0	0	0	0	0	0	0	0	0	899	0	740	0	0	0	1014	0	0	0	0	0	0	0	0	0	0	0	0	0	514	0	0	0	0	0	0	0	0	0	0	0	0	0	0	0	0	0	0	0	845	0	0	0	0	0	0	0	602	0	0	0	0	0	584	1323	0	0	0	0	0	0	0	0	0	0	0	0	0	0	0	0	0	938	0	0	0	1168	0	0	0	0	0	0	861	0	0	0	0	
0	0	0	0	0	0	0	0	0	0	0	0	0	0	0	0	0	0	877	0	0	0	0	0	0	0	0	0	0	0	0	0	0	0	0	0	0	0	0	776	0	0	0	0	0	0	0	0	0	0	0	0	0	0	908	0	0	0	1470	957	0	0	0	904	0	0	0	0	0	0	0	0	0	0	1133	0	0	0	0	0	0	618	0	0	0	0	0	0	0	0	0	0	0	0	0	668	0	0	0	0	
0	1442	0	0	0	0	0	0	0	0	0	0	702	0	0	0	695	0	0	0	0	0	0	0	0	0	0	0	0	0	0	0	0	0	548	0	0	0	779	0	0	0	0	0	0	0	0	0	0	0	0	0	0	0	0	0	0	1499	686	0	885	0	0	0	0	0	1206	0	0	0	0	0	0	0	0	0	797	0	0	0	0	0	0	0	1016	0	0	0	0	952	0	0	0	0	0	1148	0	0	0	0	
0	0	0	0	859	0	0	0	0	1475	0	0	1158	711	0	0	1126	0	0	0	0	1056	1361	0	0	0	1134	0	0	0	0	0	0	0	0	628	0	0	0	0	0	582	0	0	0	0	0	0	0	0	0	0	0	0	0	0	0	0	778	0	0	0	0	0	0	0	1455	0	0	0	0	0	0	0	902	0	0	0	0	0	0	0	0	0	0	0	0	0	0	0	0	1429	0	741	0	0	0	0	1118	0	
0	0	0	0	0	0	0	0	0	0	0	0	0	0	1483	0	0	0	0	0	0	0	0	0	0	0	0	1407	0	0	0	0	1031	0	0	0	611	773	0	0	0	0	0	0	0	514	0	0	0	0	0	0	0	907	0	0	0	0	0	0	0	0	0	0	0	777	0	1006	0	0	0	0	1144	0	0	0	737	0	0	0	0	0	0	0	0	0	0	0	0	0	0	0	0	0	0	0	0	0	1356	736	
0	0	0	0	0	0	0	0	0	0	0	0	0	0	0	0	0	0	0	0	524	704	0	0	0	0	0	0	0	0	1057	0	0	0	912	1430	0	0	0	0	0	0	0	0	0	1240	0	0	0	0	0	0	0	0	0	0	1376	0	834	0	0	0	0	0	0	0	0	0	0	0	0	0	0	0	0	0	0	0	0	0	0	0	0	820	0	0	1292	0	0	0	0	0	0	0	0	0	0	0	0	0	
0	0	0	0	0	0	0	0	0	0	0	0	0	0	0	0	0	0	0	0	0	0	0	0	0	0	1041	0	0	0	0	0	0	0	0	0	0	0	0	0	0	0	0	0	0	569	0	0	0	0	0	0	0	0	0	0	0	0	0	1123	0	0	758	0	0	0	0	0	0	0	0	852	0	1458	0	0	0	0	0	0	0	0	0	0	0	0	0	0	0	0	0	0	0	0	0	0	959	0	0	0	
668	0	935	0	1376	0	0	0	0	0	0	0	0	0	0	0	0	0	0	0	0	0	0	0	0	0	0	606	0	0	0	0	0	0	0	0	0	0	0	1138	0	0	0	697	0	0	0	0	0	0	0	0	0	0	0	0	0	0	0	0	0	0	582	0	0	0	0	0	0	0	0	0	865	0	0	0	0	0	0	0	0	0	0	0	0	0	0	0	0	0	0	0	0	0	0	0	0	0	0	0	
0	0	0	0	0	0	599	975	0	0	0	0	0	0	0	0	1154	0	0	1180	0	0	0	0	0	0	0	0	0	0	0	787	0	811	996	0	0	0	853	0	0	0	0	0	0	0	0	0	0	1082	0	0	0	0	0	0	0	0	0	0	0	0	0	0	0	0	0	0	0	829	0	794	0	0	0	1225	0	0	0	0	0	0	0	0	0	0	0	0	0	0	0	0	0	0	0	0	0	0	0	0	
0	1104	0	1411	0	0	0	0	0	0	0	0	1011	0	0	0	0	0	0	0	0	0	0	0	0	0	0	0	0	0	1256	0	0	0	0	0	0	0	1378	0	0	0	1137	0	0	0	0	0	0	0	0	0	0	0	0	0	0	0	0	0	0	0	0	0	0	623	0	0	0	0	0	0	0	0	0	1123	0	0	0	0	0	0	0	0	0	0	0	0	1416	0	0	0	0	0	0	0	846	0	0	763	
0	0	0	0	0	0	0	0	0	0	0	0	523	0	0	0	0	0	0	0	0	0	0	0	0	0	0	0	1337	0	0	0	0	0	0	0	0	812	0	1041	0	0	0	0	0	0	0	0	0	0	0	0	883	0	0	0	0	0	0	0	801	0	0	0	0	0	0	0	0	0	0	1401	0	0	0	0	0	0	530	0	0	0	0	1461	0	0	0	0	0	0	0	0	0	1200	1075	0	0	1011	0	0	
0	0	0	0	0	0	0	0	0	0	0	0	0	0	0	0	0	0	0	0	0	0	0	0	0	0	0	0	0	0	1280	1094	1434	0	0	0	0	0	1025	0	0	0	0	0	0	0	0	0	0	0	0	717	0	827	0	0	0	0	0	0	0	0	0	0	0	0	0	0	0	0	0	0	0	0	0	0	0	0	0	0	0	0	0	0	0	0	0	0	0	0	0	1131	0	0	1218	0	0	0	0	0	
0	0	0	0	0	0	0	0	0	0	608	0	0	0	0	0	0	0	0	0	0	0	0	0	1080	0	0	0	1070	0	0	0	0	0	0	0	0	0	0	1178	0	0	0	0	0	0	0	0	0	0	0	0	0	0	0	0	0	0	0	0	0	0	669	0	0	0	0	0	0	0	991	0	0	0	0	0	0	0	0	0	1445	0	0	0	0	902	0	0	0	0	0	0	1130	0	0	0	0	0	0	0	
0	0	0	0	0	0	0	0	0	696	0	0	0	683	0	1270	0	0	0	0	0	0	0	0	639	0	0	0	0	0	0	0	1282	0	918	0	0	0	0	0	0	0	748	0	0	0	0	0	0	0	0	0	0	0	0	0	0	0	0	0	998	0	0	0	0	0	0	0	0	1289	0	1108	0	0	0	956	0	1147	0	0	0	0	0	0	0	0	0	0	0	0	0	0	519	0	0	0	0	0	0	0	
0	0	0	0	0	0	0	0	1138	0	663	0	0	0	0	0	0	0	0	0	0	644	0	0	0	0	0	0	0	0	0	0	0	0	0	0	0	0	541	0	0	0	0	0	0	0	0	0	0	0	0	0	0	0	0	0	0	0	1367	0	0	0	0	0	0	0	0	0	0	0	0	0	0	0	0	0	0	0	0	0	0	0	0	0	0	0	0	0	0	0	0	0	0	0	0	0	0	0	0	0	
0	0	0	0	0	0	0	0	0	0	0	1146	0	0	0	0	0	0	0	0	0	0	776	0	0	0	1209	0	0	0	1398	0	975	0	0	1224	0	0	0	0	0	0	0	0	0	0	0	0	0	0	0	0	0	0	0	0	0	0	509	0	0	0	0	0	0	0	0	0	0	0	0	0	0	0	0	0	918	663	539	0	788	0	727	0	0	0	0	0	0	0	0	0	0	0	0	0	0	0	0	0	
0	0	994	0	0	0	0	0	0	0	0	0	0	0	0	0	0	0	1065	0	0	0	0	0	0	0	0	0	0	0	0	0	0	0	0	0	0	0	699	0	0	0	0	0	0	0	0	0	0	0	0	0	0	0	0	0	0	0	0	0	0	1214	0	0	0	0	0	1208	1388	0	0	0	0	0	0	0	0	565	0	0	0	0	1230	0	0	0	0	0	0	0	0	0	0	0	0	0	0	960	0	0	
0	0	0	0	0	1276	0	0	0	0	0	0	0	0	1027	0	0	0	0	0	0	0	0	680	0	0	0	0	0	0	0	0	0	0	0	0	0	0	0	0	0	0	0	0	0	0	0	0	0	856	0	0	0	0	0	0	0	1213	0	0	0	0	0	0	0	0	0	0	0	0	0	0	0	0	0	0	0	0	0	0	0	0	0	0	0	0	0	0	0	0	0	0	623	0	0	0	0	0	0	0	
0	0	0	0	0	0	0	0	1195	0	0	0	0	0	0	0	0	0	0	0	0	0	0	0	0	0	0	777	0	0	0	0	0	0	0	0	0	0	0	0	0	0	0	1150	0	1458	0	0	0	0	0	0	0	1030	0	0	0	0	0	0	0	0	0	0	0	0	0	0	0	0	0	664	0	0	0	0	0	0	0	0	0	0	0	0	0	0	0	0	0	0	0	0	0	0	0	0	0	0	0	0	
0	1122	0	0	0	0	1132	0	0	0	0	0	0	0	0	0	0	0	0	1196	0	0	0	0	0	0	0	0	0	0	1264	0	0	0	0	0	0	0	0	0	0	0	0	0	0	0	0	0	0	0	0	0	0	0	0	0	0	0	0	0	0	781	0	0	0	0	0	0	0	0	0	0	0	616	0	0	855	0	981	0	0	0	1399	0	0	0	0	0	0	0	0	0	0	0	0	0	0	616	1411	0	
0	0	0	0	0	878	0	0	0	0	0	0	0	0	0	0	691	0	0	0	0	0	0	0	0	0	0	0	0	0	0	0	0	0	0	0	0	0	0	0	0	0	0	0	0	0	0	0	0	0	0	0	0	0	0	0	0	0	0	0	0	0	0	0	0	0	0	0	0	0	0	0	0	0	0	0	557	0	535	0	0	0	0	0	0	0	0	0	0	0	0	0	0	0	0	0	1415	0	0	0	
0	0	0	0	730	540	0	0	0	0	0	0	0	0	0	0	0	0	0	0	0	0	0	0	0	0	0	0	0	0	0	0	0	0	0	0	0	0	0	0	0	0	0	1148	607	0	0	1491	0	0	1140	0	0	0	0	0	0	0	0	0	0	0	0	0	0	0	0	1291	0	0	0	0	0	0	0	0	0	0	0	0	0	0	0	0	0	1483	0	0	1073	0	0	0	0	0	0	0	0	0	0	0	
0	0	0	742	0	0	0	611	0	0	749	0	1303	0	0	0	0	0	0	0	0	1191	0	0	0	0	0	0	0	0	0	0	772	0	0	0	0	0	0	0	0	0	0	0	551	0	1155	0	0	0	0	0	0	0	0	0	0	0	567	0	0	0	0	0	0	0	1475	0	0	1251	0	0	0	0	0	0	0	0	1304	0	0	0	0	0	1318	0	0	0	0	0	0	1374	0	0	0	0	0	0	0	0	
0	0	0	0	0	896	0	0	0	0	0	0	860	0	0	0	0	0	0	0	0	0	0	0	0	0	0	0	0	0	0	0	0	1052	0	0	0	0	0	0	0	0	0	0	0	0	0	0	0	0	0	0	0	0	0	0	0	0	0	0	0	0	0	0	0	0	824	0	0	0	0	0	0	0	0	0	1011	0	0	0	0	0	0	0	0	0	0	0	0	0	0	930	557	0	964	0	0	0	0	0	
0	0	0	0	1492	0	0	0	0	0	0	0	0	1181	0	0	0	0	0	0	0	0	0	0	0	0	0	0	0	0	0	0	0	1190	0	0	0	862	0	0	0	0	0	0	885	0	0	0	0	0	0	0	0	0	0	0	724	0	0	0	0	0	651	0	0	1168	0	0	0	0	0	0	561	0	0	0	0	0	0	0	0	0	0	0	0	0	1268	0	0	0	0	0	0	0	0	0	0	1154	0	0	
976	0	0	0	1253	0	0	0	0	0	0	0	0	0	0	0	0	0	0	0	0	792	0	0	0	0	0	0	0	0	0	0	0	0	0	0	0	0	0	0	993	1291	0	1455	0	0	0	0	0	0	0	947	0	0	0	0	835	0	0	0	0	0	0	0	0	0	0	0	1447	0	0	0	0	0	0	0	0	1191	0	0	0	0	0	0	0	0	0	0	0	1321	0	0	0	0	0	0	0	0	0	0	
0	0	0	0	0	0	1033	0	0	0	0	0	0	0	0	0	0	0	0	0	0	0	0	514	0	0	0	0	0	0	0	0	0	0	0	0	0	0	0	0	691	0	0	0	0	0	0	0	0	0	502	0	0	0	0	0	0	0	0	732	0	730	0	1370	0	0	0	0	1210	0	0	0	0	0	0	0	0	0	621	0	961	0	0	0	1463	0	634	0	0	0	0	0	937	0	0	0	0	0	916	0	
0	0	0	0	0	0	0	0	0	0	0	0	0	0	0	0	0	0	0	0	0	0	0	0	0	0	0	0	0	0	0	0	0	730	0	0	0	0	0	0	0	0	0	0	0	0	981	0	0	0	0	1019	0	0	1074	0	0	0	0	0	0	0	0	0	0	0	0	0	0	0	0	0	0	0	0	1463	0	1158	527	0	0	586	821	0	0	0	0	0	0	0	0	0	0	607	0	0	0	0	0	0	
0	0	0	0	0	0	0	594	0	0	0	0	0	0	0	0	0	0	0	739	0	0	0	978	0	0	0	0	0	652	868	0	0	0	0	0	0	0	0	0	1125	0	0	0	0	0	0	1479	0	0	1361	0	0	0	0	0	0	0	0	0	0	0	0	0	0	0	0	0	1082	0	0	0	0	0	0	0	0	0	1253	0	0	0	0	0	0	0	0	0	0	0	0	0	0	522	0	1101	0	0	0	0	
0	0	0	1193	0	969	0	0	0	1282	0	0	0	0	0	0	0	0	0	0	0	0	983	0	0	0	0	0	1258	0	0	0	0	0	0	511	0	0	0	0	0	646	0	0	741	0	0	0	0	0	1489	0	898	0	0	0	0	839	0	1493	0	0	0	0	0	1113	1276	0	0	0	0	0	0	0	0	0	0	0	0	0	0	0	0	0	0	0	0	0	0	0	0	0	0	0	0	0	0	0	0	0	
966	0	0	0	0	0	0	0	0	0	0	0	0	961	0	0	0	0	0	0	1438	0	1041	0	0	0	0	0	0	0	0	551	0	0	0	0	0	0	0	0	989	0	0	1021	0	0	0	1455	0	0	0	0	0	0	0	0	0	1058	0	1242	0	0	0	0	0	0	0	0	0	0	0	0	0	1371	0	0	0	0	0	0	0	0	0	0	0	0	0	0	0	0	0	0	0	0	0	0	0	0	0	0	
0	0	0	1006	0	0	0	0	0	0	0	0	0	0	592	0	0	1378	0	0	0	0	0	0	0	0	0	0	0	0	0	0	0	0	0	0	639	0	0	0	0	0	0	0	0	0	0	0	792	0	0	0	0	0	0	0	0	0	0	0	1377	0	0	617	0	0	717	0	0	0	0	0	0	0	0	0	0	0	1368	0	0	0	0	1003	0	983	0	0	0	0	0	0	0	0	0	0	0	0	0	0	
0	0	0	0	0	0	0	0	0	0	1281	0	0	0	0	0	0	0	683	0	0	678	0	0	0	0	0	0	0	0	0	0	0	0	1084	0	0	0	0	0	0	0	0	1125	1306	0	0	0	0	920	0	0	0	760	0	0	0	0	0	0	0	0	0	0	0	0	0	0	0	0	0	0	0	0	0	0	0	789	0	0	0	0	0	0	623	0	0	779	0	0	0	0	0	0	0	0	0	597	0	0	
0	0	0	0	0	0	0	0	0	1168	1398	1385	0	0	0	0	0	1397	0	0	0	0	0	0	0	0	0	1144	0	0	0	0	537	0	0	0	0	0	0	0	0	0	0	0	0	0	0	0	0	0	0	0	0	0	0	0	0	0	0	0	0	0	0	0	0	0	0	0	0	0	0	0	0	0	0	0	0	0	0	0	0	0	622	582	0	0	0	0	0	0	0	1249	0	0	0	0	0	0	0	0	
0	0	0	0	0	0	0	0	0	0	0	0	0	0	0	0	0	0	1159	665	0	698	0	0	0	0	0	0	0	0	0	0	0	0	0	0	0	0	0	0	0	0	0	0	0	0	0	0	0	0	0	814	0	852	0	720	0	0	0	0	803	0	0	0	0	0	0	0	0	0	0	0	0	0	0	0	0	0	0	0	0	0	0	0	0	0	0	0	0	0	0	0	0	0	0	0	0	0	0	0	
0	0	0	0	0	0	0	0	0	0	0	0	0	0	0	0	0	0	1073	0	0	0	0	0	0	0	0	0	0	612	1179	0	0	0	0	0	0	1457	0	0	0	0	0	0	0	0	0	0	0	0	0	0	0	0	0	650	0	578	0	0	0	0	0	0	0	0	0	0	0	0	0	0	0	0	0	0	0	0	0	0	0	0	0	919	0	0	0	0	0	0	628	0	0	0	0	1342	0	0	0	0	
1332	0	0	0	1249	0	0	0	0	0	1297	0	0	0	0	0	0	0	0	1281	0	0	0	0	0	0	0	0	0	0	0	0	0	0	0	0	985	0	0	0	0	0	0	0	1334	0	0	0	0	0	0	0	0	0	0	0	0	0	0	0	0	0	0	0	0	0	0	1451	0	0	0	0	0	0	0	0	1022	0	0	0	0	0	0	0	0	0	546	804	0	0	0	0	0	0	0	0	0	0	1174	0	
0	0	0	0	0	0	0	0	0	0	914	0	0	0	0	0	0	0	0	0	0	0	0	0	0	0	0	0	0	0	0	598	0	0	0	0	0	0	1274	0	0	0	0	0	0	500	0	0	0	0	810	0	0	0	0	0	0	0	0	0	1299	0	0	0	0	0	0	0	0	0	0	0	0	0	0	0	0	538	0	0	622	0	1126	0	616	0	0	1135	711	638	0	0	0	0	0	0	0	0	0	0	
0	0	0	0	0	0	0	0	0	0	0	0	0	0	987	0	0	0	0	0	0	833	0	0	0	0	0	0	1263	0	1366	0	0	0	0	734	0	0	0	0	0	0	0	0	813	0	0	0	0	1355	0	0	1389	0	0	0	0	0	0	0	0	0	0	0	0	0	791	0	0	610	0	0	0	0	0	0	0	0	0	0	0	0	0	0	0	0	671	0	0	0	0	0	0	0	0	0	0	0	0	0	
0	0	0	0	0	0	0	0	0	0	0	0	1182	0	0	0	0	0	1421	808	0	1478	0	867	0	0	0	0	0	0	0	0	0	0	0	0	0	0	0	0	0	0	0	0	0	0	0	0	0	0	0	0	0	0	530	0	0	0	0	709	0	0	0	0	0	0	0	0	0	0	0	0	0	0	0	0	0	0	0	0	0	0	0	0	0	0	0	0	0	0	0	0	0	0	0	0	0	0	0	0	
0	0	0	0	0	0	0	0	0	0	0	915	0	0	0	0	0	0	1417	0	0	0	862	0	0	0	0	0	0	0	0	0	1020	0	0	0	0	909	0	0	0	0	1338	0	0	0	0	586	0	0	0	0	0	0	0	0	0	0	543	0	0	0	0	1478	0	0	0	0	0	0	0	0	0	0	0	0	0	0	0	0	0	0	0	0	0	0	0	0	0	0	0	0	0	0	621	0	0	0	0	0	
0	0	0	0	0	941	0	0	0	0	0	0	0	0	0	0	0	0	0	755	0	0	0	780	0	0	0	0	0	0	0	0	0	1124	0	0	0	0	0	0	0	0	0	0	0	0	0	0	0	0	0	0	0	0	0	0	0	0	0	0	934	0	0	682	0	0	0	0	698	1279	0	0	0	1144	0	0	0	0	0	0	0	0	0	0	0	0	0	0	0	0	0	0	0	0	0	0	0	0	0	0	
0	0	0	0	0	0	0	1421	0	0	0	0	0	1272	0	0	0	0	0	0	0	0	0	0	0	0	0	0	1285	0	0	0	0	0	504	0	0	0	0	0	0	0	0	0	0	0	0	0	0	0	0	0	0	1355	0	0	0	0	0	0	0	0	0	0	0	0	923	0	0	0	546	0	0	0	0	0	0	1174	0	0	1409	0	0	0	0	0	0	0	0	0	0	0	0	0	0	0	0	0	0	0	
0	0	0	0	0	1013	0	0	0	0	0	0	0	0	0	0	0	0	0	0	0	0	0	0	0	0	0	0	0	1467	0	0	0	0	0	0	0	0	0	1422	0	0	0	0	0	0	0	0	0	0	0	0	0	0	0	0	0	0	0	947	0	0	0	0	0	0	0	979	0	0	1212	0	0	0	0	0	0	1270	0	1335	0	0	0	0	0	0	0	0	0	0	0	0	0	0	0	0	0	0	0	0	
0	0	0	0	0	0	0	0	0	0	0	1460	0	0	0	751	0	0	0	0	0	0	0	0	0	0	0	0	0	0	0	0	0	0	0	0	0	685	0	0	0	0	0	0	0	0	0	0	0	0	0	0	0	1143	0	0	0	0	0	993	0	0	0	0	0	0	0	0	0	0	0	682	0	0	0	0	1190	0	0	0	0	0	0	0	0	0	0	0	0	0	0	0	0	0	842	912	0	0	0	0	
0	1016	1420	0	0	0	0	0	0	0	0	0	0	0	0	0	705	0	0	0	0	0	0	0	0	1249	0	0	0	0	0	0	0	0	0	0	0	0	893	0	0	0	0	0	0	0	1339	0	0	0	0	0	1200	0	0	0	0	0	0	0	0	0	0	0	0	0	0	1462	0	0	0	0	0	0	0	0	0	0	0	0	0	0	0	0	1290	0	0	0	0	0	0	0	0	0	0	566	0	0	0	0	
0	0	0	0	0	0	0	0	0	0	0	0	0	0	0	0	0	1369	0	810	0	0	0	0	1438	0	0	638	0	0	0	0	0	0	1041	0	0	0	0	0	0	0	0	0	0	0	0	0	0	0	0	0	0	0	0	0	0	0	0	0	0	0	912	0	0	0	0	0	549	0	0	0	0	0	0	0	0	563	0	0	0	0	0	0	0	0	0	0	0	0	0	0	0	0	0	0	0	0	0	0	
0	0	531	0	0	0	0	698	0	0	0	0	0	0	0	0	0	0	1356	0	0	0	0	0	0	0	0	0	0	0	0	0	0	0	0	0	0	0	0	0	0	0	0	0	0	1133	0	0	0	0	0	0	895	0	0	0	0	0	0	0	0	0	0	0	0	0	0	0	0	0	0	1025	0	0	0	0	0	0	0	0	0	0	0	0	0	0	0	0	0	0	849	0	0	0	0	0	0	0	0	0	
0	0	0	0	0	0	0	0	0	0	0	0	0	0	0	0	0	0	0	0	769	0	0	0	0	509	0	0	1282	0	0	0	1345	0	0	0	0	0	0	0	0	0	656	0	0	0	0	0	0	0	0	0	0	0	0	0	1266	0	0	0	0	0	0	0	0	0	0	0	0	0	0	0	0	0	791	0	0	0	0	0	0	0	0	0	922	0	0	902	0	0	0	0	0	0	0	737	0	0	0	0	
0	0	0	0	0	0	0	0	0	0	0	0	1109	0	0	0	0	0	0	0	0	0	0	0	0	0	0	0	0	0	0	0	0	0	0	0	0	0	0	0	0	0	0	0	0	0	0	884	0	0	0	0	0	0	0	0	747	606	0	0	0	0	0	0	0	0	0	0	0	0	1421	0	0	688	0	0	0	1330	0	0	0	0	0	986	730	1393	543	0	0	0	0	0	0	0	0	0	0	0	0	848	
0	0	0	899	0	0	0	0	0	0	0	0	0	0	0	1116	0	0	0	0	0	0	0	1486	0	0	0	0	0	0	0	0	0	0	0	0	0	0	0	0	0	0	0	0	0	0	0	0	0	0	588	0	0	0	0	0	0	0	0	0	0	0	0	0	0	0	0	0	0	0	0	0	0	0	0	530	0	0	0	0	692	0	0	0	0	0	0	0	0	0	0	0	0	803	0	0	0	0	0	0	
0	0	0	0	0	0	0	0	0	0	0	1326	0	0	0	0	0	0	0	0	0	0	0	0	0	0	0	0	0	867	0	0	0	0	975	1092	0	0	0	0	0	0	0	0	0	0	0	0	0	0	0	0	0	0	0	0	0	0	981	0	0	0	792	0	0	0	928	0	0	0	0	0	0	0	0	0	0	1149	0	0	0	0	0	0	0	0	0	0	0	0	1013	0	0	0	0	0	0	0	0	0	
0	0	0	0	0	1198	0	0	734	0	0	905	0	0	0	0	1396	0	0	0	1030	0	0	0	1403	0	727	0	0	0	0	0	0	0	0	1243	0	0	1057	0	0	0	1092	0	0	0	0	0	0	0	0	0	0	0	0	1471	0	0	0	533	0	0	0	0	0	0	0	0	0	879	0	0	0	0	0	0	0	0	0	0	0	0	0	0	0	0	0	0	0	0	0	0	573	0	0	0	0	0	0	0	
0	0	0	0	0	0	0	0	0	0	0	0	0	0	0	0	0	0	0	0	0	0	0	0	1367	0	0	0	0	0	0	0	0	0	0	0	0	0	0	0	0	0	0	0	0	0	0	0	0	0	0	0	0	885	0	0	0	0	0	0	0	0	0	605	0	0	0	0	1112	0	1257	0	0	0	0	0	0	0	0	0	0	0	0	0	0	0	560	0	0	0	0	0	0	0	0	0	0	0	1214	0	
0	0	0	0	0	0	0	0	1386	0	0	0	0	0	0	0	0	0	0	717	0	0	0	0	0	0	0	0	0	0	0	0	0	0	0	0	0	1000	0	0	0	0	1302	0	0	0	0	0	0	0	722	1099	746	0	979	0	0	0	0	0	1248	0	0	0	0	0	968	0	0	944	0	0	0	0	0	0	0	0	0	758	0	0	0	0	0	0	0	0	0	1493	1321	0	0	892	0	0	0	0	0	0	
0	1251	0	0	0	0	0	0	0	0	0	0	0	1396	585	0	0	0	0	0	0	0	0	0	0	0	0	0	1195	0	0	0	0	0	0	0	0	0	0	0	0	0	0	0	0	0	0	0	0	0	0	0	0	0	0	0	0	1392	0	0	0	0	0	0	0	625	1271	0	0	0	0	0	0	0	0	0	0	0	0	0	0	0	0	0	0	0	0	0	937	0	640	633	0	0	0	0	0	515	0	0	
0	0	0	0	0	0	0	0	0	0	0	0	0	0	1080	0	0	0	0	0	0	0	0	0	0	0	0	0	0	0	0	0	0	0	0	0	0	0	0	0	0	0	0	0	0	0	0	0	0	0	0	0	0	0	0	0	0	0	0	0	0	0	1386	0	0	1159	0	0	0	0	850	580	687	0	0	0	0	0	0	0	0	0	0	0	0	0	0	0	0	0	0	0	0	0	0	0	0	0	0	0	
0	870	0	0	0	0	896	0	0	0	0	0	0	753	0	0	0	0	0	0	0	0	0	0	0	0	0	0	0	0	0	0	0	0	0	944	0	0	0	0	0	0	0	0	0	0	0	0	0	0	0	0	0	0	0	0	0	0	0	0	0	0	0	0	0	0	0	0	0	0	0	0	0	0	0	0	0	0	0	0	0	0	0	0	0	0	0	0	0	0	0	0	0	0	0	0	0	0	0	0	
0	0	0	788	0	0	0	0	0	0	0	0	0	0	0	0	0	0	0	0	0	0	0	0	1459	0	0	0	0	0	742	0	0	0	0	0	0	0	0	0	0	0	0	0	0	0	1073	0	0	0	0	0	1443	0	0	0	0	0	0	0	0	0	0	0	0	0	0	0	0	0	0	0	0	0	0	0	0	0	0	0	0	0	0	0	0	0	0	1374	0	0	0	0	706	0	0	0	0	0	0	0	
0	0	1094	0	0	1146	0	0	0	0	0	0	0	0	0	1079	0	0	0	0	0	0	0	0	720	0	0	0	0	0	0	0	0	0	1407	852	0	0	0	0	0	0	0	0	0	0	0	0	0	0	0	0	0	0	0	0	0	0	0	0	0	0	1300	0	0	0	0	0	0	0	0	690	0	0	0	0	0	0	0	1259	0	0	0	0	0	0	0	0	0	0	0	1021	0	0	0	0	0	0	0	1436	
0	0	0	0	0	0	0	0	0	0	0	0	0	0	0	544	0	0	0	0	0	0	0	0	0	0	0	0	0	0	0	0	0	0	0	0	781	0	0	0	0	0	0	0	0	0	0	0	0	0	0	0	0	0	0	0	0	0	0	0	0	0	0	0	0	0	0	0	0	0	0	0	0	0	0	0	0	0	0	0	0	0	0	0	0	0	0	0	0	0	0	0	0	0	0	0	0	0	0	0	
0	0	1373	632	0	0	0	0	1066	0	0	0	0	0	0	0	0	0	0	0	0	0	0	0	0	0	0	0	0	0	0	0	0	0	0	0	0	0	1166	0	0	0	0	0	0	0	0	0	0	812	0	0	0	0	0	0	0	0	0	0	0	0	0	1098	0	0	0	0	0	0	0	0	0	0	0	0	0	0	0	0	0	634	0	0	0	0	0	0	0	0	0	0	0	634	1253	0	0	0	0	0	
0	0	0	0	0	0	0	0	0	0	0	0	0	0	0	0	0	0	693	0	0	0	0	0	0	0	0	983	0	0	0	0	0	885	0	0	0	0	0	0	0	0	0	0	0	0	0	0	0	0	0	0	0	0	0	0	0	0	0	0	0	0	704	0	919	0	0	0	0	0	0	0	0	0	0	0	0	0	0	0	0	0	0	0	0	0	0	0	0	0	0	0	0	0	0	0	0	0	0	0	
0	0	1220	0	0	0	0	0	0	0	0	596	0	0	0	0	0	0	0	0	1081	0	0	0	1196	0	1038	0	1376	0	0	0	0	0	0	0	0	0	0	0	0	0	0	0	0	0	655	0	0	0	0	0	0	0	0	0	0	0	0	0	0	0	0	0	0	0	0	0	0	0	0	0	0	0	0	0	0	0	0	0	0	0	0	0	0	0	0	0	0	0	0	0	0	0	0	0	0	0	0	1475	
0	0	0	0	0	0	0	0	0	0	0	0	0	0	0	1294	0	0	0	0	1356	0	0	0	0	0	0	0	0	0	0	0	0	0	0	0	0	0	0	0	0	0	0	0	0	0	0	1164	0	0	0	0	1459	0	0	0	0	0	0	0	0	0	0	0	0	0	594	0	0	0	0	0	0	0	0	0	0	0	0	0	805	0	0	643	0	0	0	0	0	0	865	0	0	0	0	0	1414	0	0	0	
0	0	0	793	0	0	0	0	0	0	0	0	0	886	0	0	0	0	0	0	0	0	0	0	1338	1417	0	0	0	0	0	0	0	0	0	0	0	0	0	0	0	1002	0	0	0	0	0	0	0	1288	824	0	0	1418	878	0	0	0	927	0	0	0	0	0	0	0	0	688	0	0	0	0	647	0	0	882	0	0	1178	0	0	0	0	0	0	0	0	0	0	0	0	0	0	0	0	0	0	0	0	0	
0	0	1248	0	0	1235	0	0	0	0	0	0	0	0	0	0	0	0	0	0	0	0	0	0	0	0	0	0	0	0	0	0	0	0	0	0	0	0	0	594	0	0	0	0	0	0	0	0	0	0	0	0	0	0	0	0	0	0	502	0	0	0	0	0	0	0	0	0	0	0	0	0	0	0	0	0	1021	0	0	0	0	0	0	0	0	0	1483	0	0	0	0	0	0	0	0	0	0	0	0	0	
0	0	0	0	0	0	0	0	0	0	0	0	0	929	0	0	0	0	0	0	0	0	0	0	0	0	0	0	0	0	0	0	0	0	0	0	0	0	0	0	0	0	0	0	0	655	0	0	0	1469	0	0	0	0	0	0	0	1073	0	0	0	0	949	0	0	0	0	0	0	0	0	0	0	0	0	0	0	0	0	0	635	672	0	0	0	0	0	0	0	0	0	0	0	0	0	0	0	0	0	0	
0	0	0	752	0	0	0	0	0	0	0	0	0	0	957	0	0	0	0	0	0	0	0	0	1086	0	0	0	0	0	0	0	0	0	0	0	0	0	0	0	0	0	0	0	0	654	0	0	0	0	0	0	0	0	0	0	0	0	0	761	0	0	0	623	1467	0	0	0	0	0	0	0	0	0	617	0	1188	0	0	0	0	0	0	0	0	0	0	0	0	0	0	0	0	0	0	1179	0	0	0	0	
0	0	0	0	0	0	0	0	0	0	0	0	0	0	0	931	0	0	0	0	0	1352	0	0	0	0	0	0	0	0	0	0	0	0	0	0	0	0	0	0	0	0	0	0	0	0	0	0	0	0	0	0	754	0	0	0	818	0	0	0	0	0	856	0	0	0	1052	0	0	0	0	0	0	0	1280	0	0	0	560	0	0	0	0	1067	0	0	0	0	0	0	0	0	0	0	0	0	0	0	0	0	
0	1498	0	1397	0	0	0	0	0	0	0	0	0	0	0	0	0	0	0	0	0	0	0	0	0	0	0	0	0	0	0	0	0	0	0	0	0	0	0	0	0	0	0	0	0	0	0	0	0	0	0	762	0	0	0	0	0	0	811	0	0	0	0	0	0	0	0	0	0	0	0	1286	0	986	0	0	0	0	0	0	0	0	1258	0	0	0	0	0	0	0	0	0	1232	0	0	0	0	0	0	1336	
0	0	514	0	0	0	0	0	0	0	0	0	0	777	0	0	0	0	0	0	0	0	0	0	0	0	0	0	0	0	0	0	0	0	0	0	0	0	0	0	0	0	0	0	0	0	0	0	0	0	0	0	0	0	0	0	1171	0	0	0	0	0	0	1340	0	0	0	0	0	0	0	1485	0	0	0	0	0	0	0	1107	0	0	0	0	0	0	0	0	0	0	0	0	0	0	0	0	0	0	0	0	
0	0	0	0	0	0	0	0	0	958	548	0	0	0	525	0	0	1225	0	0	0	0	0	0	550	0	0	1459	1423	0	0	0	0	0	0	1111	0	0	0	0	0	0	0	0	0	0	0	0	0	0	0	0	0	0	0	0	0	0	698	0	572	0	587	0	0	0	0	0	0	0	0	0	0	0	0	0	0	0	0	0	0	0	0	0	0	0	0	0	0	0	0	0	0	1007	707	0	0	0	0	0	
877	0	0	862	0	0	0	0	0	1438	0	0	1317	0	620	0	0	0	0	0	0	0	0	0	0	0	0	0	0	0	0	0	0	0	0	0	0	0	0	0	0	0	0	0	0	0	0	1185	0	0	0	0	0	0	0	0	0	0	0	0	0	0	0	0	0	0	0	0	0	0	0	1074	0	0	1448	0	0	0	0	0	0	0	0	0	0	0	0	0	0	0	0	1482	842	1081	0	0	994	0	0	0	
0	0	0	0	0	0	0	0	0	0	0	0	0	0	0	0	0	0	0	0	0	0	0	0	0	0	0	0	0	0	0	0	0	0	0	0	0	0	0	0	0	0	1308	0	0	0	0	0	0	0	0	0	0	0	0	0	0	0	0	0	0	0	0	1032	0	0	0	0	0	0	0	0	0	0	0	0	0	0	0	0	0	0	0	0	0	0	740	0	0	1304	1198	0	0	0	0	0	0	0	0	1495	
0	0	0	0	0	0	0	0	0	0	0	0	0	1166	0	0	0	690	0	689	0	0	0	0	0	0	0	0	0	0	0	0	0	0	0	0	0	0	0	1193	0	0	0	0	0	0	0	0	0	0	0	0	0	0	0	0	0	0	0	0	0	0	0	0	0	0	0	0	0	1467	742	0	0	0	0	0	1194	0	0	0	0	0	0	0	1407	0	0	0	0	0	0	0	0	0	0	0	1461	0	0	0	
0	1440	0	1369	0	0	0	0	0	0	0	0	0	0	601	0	0	0	0	0	0	0	0	0	0	0	0	0	0	1074	0	0	958	543	0	0	0	0	0	0	0	0	0	0	1198	0	0	0	0	0	0	0	0	0	0	0	0	0	0	0	0	0	650	0	0	0	0	0	0	0	0	0	0	0	0	0	0	0	0	0	0	0	0	0	0	0	0	0	0	0	0	0	0	0	0	920	0	0	0	0	
0	0	0	0	0	919	0	0	742	0	0	0	0	0	0	0	0	0	0	532	0	0	0	1157	885	0	0	0	0	0	0	0	0	0	0	0	0	0	0	0	0	0	0	742	0	0	0	0	0	1282	0	0	0	0	0	549	0	789	0	0	0	0	0	0	0	0	0	0	835	0	0	0	0	0	0	0	0	0	717	0	0	0	0	0	0	0	0	0	0	0	0	0	577	0	0	0	0	0	0	0	
1281	0	579	0	0	0	0	0	0	0	0	0	0	864	0	0	0	0	0	0	0	1265	0	0	0	0	960	0	0	0	0	0	0	0	0	871	0	0	0	0	0	0	0	0	0	981	0	0	0	0	0	0	0	542	0	0	0	0	1205	0	0	0	0	0	0	522	0	0	0	0	0	0	0	0	0	0	0	0	0	0	0	0	0	0	0	0	0	0	0	0	0	0	0	0	0	0	0	0	0	975	
0	0	0	0	1448	0	0	0	0	0	0	0	0	0	0	0	0	0	0	0	0	0	0	0	0	0	0	0	0	0	0	0	0	0	0	0	0	0	0	0	1108	0	0	0	580	0	0	0	0	0	0	0	0	0	0	0	0	0	0	0	0	0	0	0	0	0	0	982	0	0	0	0	0	0	0	0	0	0	0	0	0	0	0	0	0	0	0	0	0	0	0	0	514	0	0	0	0	0	0	0	
0	1398	0	0	0	0	0	0	0	0	0	0	0	0	0	0	0	0	0	0	0	0	0	0	0	0	0	0	503	0	0	0	0	0	0	0	0	1201	0	1479	0	0	0	0	0	0	0	0	0	935	0	0	0	0	0	0	0	0	0	1146	0	0	0	0	0	0	589	0	0	0	0	770	929	0	880	1445	0	0	0	0	0	0	0	0	0	0	0	0	0	1029	0	0	0	0	0	0	0	0	0	0	
0	0	0	1291	0	0	0	690	0	0	0	0	0	0	0	0	0	0	0	0	0	987	1132	0	0	0	0	0	0	0	0	0	0	0	1038	0	0	0	0	0	0	0	0	0	0	0	0	0	0	0	0	0	0	0	0	0	0	895	0	0	1185	0	0	0	0	0	0	841	0	0	895	1411	0	0	0	1483	0	0	0	0	1323	0	0	0	1079	0	0	0	0	0	0	0	0	0	0	0	0	0	0	0	
0	0	794	0	0	802	0	0	0	0	0	0	0	0	1283	0	0	518	0	0	0	589	0	0	0	0	0	0	0	0	0	0	0	739	0	0	0	0	0	0	0	0	0	0	0	1487	0	0	0	0	0	0	0	0	1487	0	0	1436	0	0	0	0	0	0	0	0	0	0	1345	0	0	0	0	955	0	0	0	0	0	0	0	0	1397	0	0	0	0	0	0	0	0	0	0	0	0	0	0	1109	0	0	
0	0	736	0	0	0	0	599	0	0	0	0	0	0	0	0	0	0	0	0	0	0	0	0	0	0	1259	789	0	0	0	0	0	0	0	0	0	0	0	0	0	0	0	0	0	839	0	0	0	0	0	1218	960	0	0	0	0	0	0	0	0	0	0	0	0	0	0	0	0	0	0	0	0	0	0	0	0	0	0	0	0	0	0	0	0	0	0	0	0	0	0	0	0	0	0	0	0	0	0	0	
0	0	0	0	509	0	0	0	0	0	0	0	0	0	0	658	0	0	0	0	0	0	0	0	0	0	0	0	1195	961	0	0	0	0	0	0	0	0	0	0	681	0	0	0	0	0	0	0	0	0	0	0	0	0	0	0	0	0	0	0	0	0	0	0	0	0	0	0	0	0	0	0	0	0	0	0	0	0	0	0	0	0	0	0	0	0	1472	0	0	0	0	507	0	0	0	0	0	0	0	0	
0	0	0	0	0	0	0	0	0	0	630	0	0	0	0	0	0	0	0	0	0	0	0	0	0	0	0	0	0	0	0	0	0	0	0	0	1387	0	1163	0	0	0	0	0	0	0	920	0	1124	0	0	0	0	0	0	0	0	0	0	0	0	0	0	0	729	0	0	0	0	0	0	1112	0	0	0	0	1464	0	0	0	0	0	0	0	0	1143	0	0	558	0	0	0	0	0	0	0	0	0	0	0	
0	0	0	0	0	0	0	1238	0	0	0	0	0	0	0	0	0	0	1435	1477	0	0	0	0	0	0	0	0	0	0	0	692	0	0	0	0	0	0	0	0	1183	0	0	0	0	1136	0	0	0	0	0	0	1240	0	0	1490	0	0	1335	0	0	0	0	809	0	0	0	0	0	0	0	0	0	0	0	0	0	0	0	0	0	0	0	0	0	0	0	0	0	0	0	0	0	0	0	813	1413	661	0	0	
0	0	0	1207	0	0	0	0	0	0	0	0	0	0	0	787	982	0	0	0	0	0	0	0	0	1478	0	0	0	0	0	0	0	0	0	0	0	0	0	0	0	0	0	0	625	0	0	0	0	0	0	1371	0	0	0	0	0	0	0	0	1000	0	0	0	0	0	0	0	0	0	0	0	0	0	0	0	0	0	0	0	0	0	0	0	0	0	0	718	0	0	0	0	0	1458	0	0	0	0	0	0	
0	0	0	0	1377	0	0	0	0	1373	839	0	0	0	0	0	0	0	0	0	0	0	0	0	0	0	0	0	0	0	0	0	980	0	0	0	0	0	0	0	0	0	0	691	0	0	0	0	1393	0	0	626	0	0	0	0	503	0	0	0	0	0	0	0	0	0	1091	0	0	1419	0	0	0	1381	0	0	0	533	0	0	0	0	0	0	0	0	0	0	0	0	0	0	0	0	0	0	0	0	902	0	
0	1247	0	0	595	0	0	0	0	0	0	0	0	0	0	0	0	0	0	0	0	0	0	0	0	0	0	0	0	0	0	0	1207	997	0	0	0	592	0	0	1174	0	0	0	0	0	0	0	0	781	0	0	0	0	736	0	0	0	0	0	0	0	0	0	1499	0	0	1063	0	0	0	0	0	0	0	0	0	0	0	0	0	0	1156	0	660	0	0	0	0	0	0	1403	0	0	0	0	0	731	0	0	
0	0	0	0	0	828	0	0	0	0	0	0	0	0	0	0	0	0	693	0	0	0	0	0	0	0	0	0	0	0	0	1269	0	0	0	0	0	0	0	0	0	0	0	0	0	0	0	0	0	0	637	0	1486	0	0	0	0	0	0	0	0	0	1126	0	1177	0	0	0	0	0	0	0	0	516	0	0	0	0	869	0	0	0	0	953	0	0	0	0	0	0	0	0	0	0	0	0	0	0	0	0	
511	0	0	0	0	0	0	0	0	0	0	0	0	0	0	0	0	1131	0	0	0	0	0	0	0	0	0	0	0	1307	0	0	0	0	0	0	0	0	0	0	0	0	0	0	0	0	0	0	0	0	0	0	0	0	0	0	0	0	0	1101	0	0	0	0	0	0	930	1333	1203	1471	0	0	0	929	0	0	0	0	0	0	0	0	0	0	0	0	0	0	1447	0	0	0	0	0	0	0	0	0	0	0	
0	1282	0	0	0	0	0	0	0	0	0	0	0	0	0	0	0	0	0	0	0	0	0	0	0	0	0	0	0	0	0	0	0	0	0	0	0	0	0	0	0	0	0	0	0	0	0	0	0	0	0	0	0	0	0	0	0	0	0	0	0	0	0	0	0	0	1145	0	0	0	0	0	0	0	0	0	0	0	0	0	0	0	0	0	0	0	0	0	0	0	0	0	0	0	0	0	0	0	0	0	
0	0	0	0	0	0	0	0	0	0	0	0	0	0	1358	0	0	0	0	0	0	0	0	0	0	0	0	0	0	0	0	0	0	0	0	0	0	0	0	0	0	0	0	0	0	0	1009	702	0	0	0	0	0	0	0	0	0	1169	0	0	0	0	0	0	0	0	0	0	0	552	0	0	0	0	627	0	0	0	0	0	0	0	0	0	0	0	0	0	0	0	0	0	0	0	0	0	0	0	0	0	
0	0	0	0	0	0	0	0	0	0	0	0	0	0	0	0	0	0	1316	0	0	0	0	1052	0	0	0	0	0	0	0	0	0	0	0	0	0	0	0	0	0	0	0	0	0	0	0	0	0	0	0	0	0	0	0	0	0	1278	0	0	0	0	0	691	0	0	0	0	0	0	0	0	0	0	0	0	0	0	0	0	0	0	1452	0	0	0	0	0	0	0	0	0	0	0	0	0	0	0	0	0	
0	0	0	0	0	0	0	0	0	0	0	1085	1282	0	715	0	0	0	0	0	0	0	0	0	0	0	0	0	0	1133	0	0	0	0	0	710	0	0	0	0	0	0	0	0	0	0	0	0	1449	0	0	0	0	0	0	0	1485	0	0	0	0	0	0	0	0	0	0	0	0	0	0	0	0	0	0	0	0	0	0	0	0	501	0	0	0	0	1013	0	0	0	0	0	0	0	0	0	0	0	0	0	
