100
0	0	0	1142	665	0	0	0	0	0	0	0	0	0	0	0	0	0	1304	0	0	0	0	0	0	0	0	0	0	0	0	582	0	0	0	0	0	0	0	0	0	0	904	0	0	0	0	0	0	0	0	0	0	0	0	0	0	0	0	0	0	0	0	0	0	0	0	0	0	0	0	0	0	0	0	1092	0	0	0	0	934	0	0	0	0	1033	0	0	0	0	0	0	1112	734	0	0	0	1471	1183	0	
0	0	0	0	800	1494	0	0	0	0	0	0	0	0	0	0	972	0	0	0	0	1439	0	0	0	1300	0	0	918	0	0	1330	0	0	0	0	0	0	0	0	0	0	0	0	0	0	0	0	0	0	0	0	0	0	0	0	0	606	0	0	1334	909	0	1226	0	0	0	0	0	1219	0	531	0	0	0	0	0	0	1203	0	0	0	0	0	0	0	1202	0	0	0	0	0	0	0	0	0	0	0	0	0	
0	1306	0	0	0	0	0	0	0	0	1128	0	0	561	0	0	0	0	0	0	0	0	1406	0	0	0	0	0	0	0	0	0	0	0	0	0	0	0	0	0	0	0	0	0	0	0	0	0	0	0	660	0	0	0	0	0	0	0	1388	0	0	0	0	0	0	0	0	0	0	0	0	0	0	0	0	0	0	0	0	0	0	0	0	0	0	0	0	0	0	0	0	0	0	0	0	0	0	0	0	0	
0	0	833	0	0	0	0	0	0	0	0	0	0	0	0	0	1183	0	0	0	0	0	0	983	0	0	0	0	0	0	0	0	0	0	0	0	0	0	0	0	0	0	1247	0	0	0	0	0	0	0	981	0	0	0	0	0	0	0	589	0	0	0	0	0	0	0	0	0	0	0	0	981	0	0	0	0	0	0	0	0	1421	0	0	0	0	0	0	0	0	0	0	0	0	0	0	0	0	0	0	0	
0	0	0	1018	0	0	0	0	0	0	0	0	0	0	565	0	0	0	0	0	1145	0	0	0	0	0	0	0	0	0	0	0	877	0	0	634	0	0	1138	785	0	0	0	0	0	0	0	0	0	0	0	0	0	817	1441	0	1306	0	0	0	0	0	0	0	918	0	0	0	0	0	1313	533	0	0	0	0	0	0	0	0	0	1162	0	0	0	0	0	0	0	0	0	0	0	0	0	0	0	0	727	0	
0	0	0	0	0	0	0	0	0	0	0	0	0	0	0	0	0	0	1161	0	0	0	0	0	0	0	0	0	0	0	0	0	0	0	0	0	0	0	0	540	0	1158	0	0	0	0	0	0	1001	0	0	0	0	0	0	0	0	767	0	0	0	0	0	0	0	0	0	0	0	0	0	0	0	1200	0	0	0	954	0	1430	0	0	0	0	0	1076	1005	0	0	0	0	0	0	0	0	0	0	0	0	0	
0	0	0	0	0	0	0	0	1496	0	0	0	0	0	0	0	0	1195	0	0	0	0	0	0	1372	0	0	1053	0	0	547	999	0	0	0	0	0	0	0	0	0	1490	0	0	0	0	0	0	0	0	0	0	0	1492	0	0	0	0	0	0	0	0	0	0	0	0	0	1068	0	0	1178	0	0	0	0	0	0	0	0	1016	0	0	1380	0	0	0	0	829	0	0	0	0	0	0	0	0	0	0	926	0	
0	0	0	0	0	599	0	0	0	0	0	0	770	0	0	0	0	0	0	0	0	0	0	0	0	0	0	0	0	0	1228	0	0	1445	0	0	0	0	0	1429	0	0	0	585	897	0	0	0	0	0	910	0	0	0	0	0	0	0	0	0	0	0	0	0	0	0	0	0	0	0	0	0	0	0	1219	0	573	0	0	0	0	0	0	0	0	1346	0	0	0	0	0	0	0	0	0	0	0	0	0	0	
0	0	0	0	0	0	0	0	0	0	0	0	0	1322	0	0	0	811	0	0	0	0	0	0	0	0	0	0	0	0	791	0	0	0	0	0	0	0	0	0	0	0	0	0	0	0	0	0	0	0	0	0	0	0	0	0	0	0	0	0	1142	0	0	0	0	0	0	0	1286	1089	0	0	0	0	0	0	0	0	0	0	0	0	0	0	0	0	0	0	0	0	0	0	0	0	0	0	0	0	1472	0	
0	637	0	0	812	937	0	0	0	0	0	0	0	0	0	0	0	0	0	1081	0	0	0	0	0	0	0	0	0	0	0	0	0	867	0	0	0	0	0	0	0	0	0	0	0	0	0	0	0	0	919	0	0	0	0	922	1217	0	0	1305	0	0	0	0	0	1462	0	721	0	1443	0	0	0	0	0	0	0	0	1200	0	0	752	0	0	0	0	0	0	0	0	0	0	0	0	0	0	1474	900	0	0	
0	0	0	0	0	0	0	0	0	1319	0	0	0	0	0	0	0	0	0	0	0	0	0	0	0	0	0	0	0	0	0	0	0	0	0	0	0	0	0	0	0	0	0	0	0	0	0	0	0	0	0	0	0	0	0	0	0	0	0	0	0	0	0	0	0	0	0	0	0	0	0	0	0	0	0	0	0	0	1242	0	0	0	0	0	0	0	0	882	0	0	1003	0	0	0	0	0	0	0	0	0	
0	1051	0	0	0	947	0	0	0	0	0	0	0	0	0	0	0	0	0	0	0	0	0	0	0	0	0	0	959	0	0	0	1297	0	0	0	0	0	1318	0	1442	0	0	798	0	0	0	0	0	1436	0	0	0	0	0	0	0	0	1192	0	0	0	0	0	0	0	0	0	0	0	899	0	0	0	0	0	0	0	0	0	1090	0	0	0	0	0	0	0	0	0	0	0	0	0	0	0	724	0	0	0	
1353	1347	1063	0	0	0	0	909	0	1240	0	1173	0	0	0	0	0	0	0	0	0	0	0	0	0	0	0	0	0	0	0	0	0	0	0	0	0	0	0	1242	0	0	0	0	0	0	0	0	0	0	0	0	0	0	0	0	0	0	0	0	0	0	0	1213	1415	0	0	0	1259	0	587	0	875	0	646	0	0	0	0	0	0	0	0	0	0	0	0	0	0	0	0	0	0	0	0	0	0	0	0	0	
0	0	0	751	0	0	0	0	0	0	0	0	0	0	0	0	0	0	0	0	0	0	0	984	0	0	0	0	0	0	0	0	0	0	0	1122	1273	0	0	0	0	0	0	0	0	0	0	0	0	0	0	0	0	0	0	0	0	0	631	0	0	0	0	0	0	0	0	0	0	0	0	0	0	0	0	0	0	0	0	0	0	0	0	0	0	0	0	0	0	1099	0	0	0	0	0	0	0	0	0	0	
0	0	1009	0	0	0	0	0	0	0	0	0	0	0	0	0	0	806	0	0	0	0	0	0	0	1234	0	0	0	0	0	0	0	0	0	0	0	938	0	0	0	0	0	1210	0	0	0	0	0	0	0	0	1379	0	0	0	0	0	0	0	0	0	0	0	551	0	0	0	0	1319	0	0	0	0	0	0	0	0	0	506	0	0	0	0	0	1445	0	0	682	0	0	0	0	0	0	0	0	0	0	0	
0	0	0	0	0	0	0	0	0	0	0	0	0	0	0	0	0	0	0	0	0	0	0	0	0	0	0	0	0	0	0	874	0	0	0	0	0	0	0	0	0	1395	0	847	0	0	0	0	0	0	0	0	0	0	0	0	0	0	0	0	0	1486	0	0	0	0	0	0	0	0	0	674	0	0	0	0	0	0	0	0	0	0	0	0	0	0	0	0	0	0	0	800	0	0	0	0	0	0	0	0	
0	0	0	0	0	0	593	0	0	0	0	1002	0	0	0	0	0	0	0	1355	0	0	0	0	0	0	0	0	967	970	0	0	0	0	0	0	1424	0	0	0	0	0	0	1375	755	0	0	0	0	0	0	0	0	0	0	0	635	0	0	0	0	0	664	0	0	0	0	0	0	0	0	0	0	0	0	0	0	0	0	1333	0	1008	0	0	0	0	0	647	0	520	974	0	0	0	0	0	0	0	0	0	
0	0	1304	0	0	0	0	0	0	0	0	0	0	0	0	0	0	0	0	927	0	0	0	0	0	0	0	0	0	0	0	0	0	0	0	0	0	0	0	0	0	1021	0	503	0	0	0	0	0	0	0	0	0	0	0	0	1318	1365	0	0	0	0	0	0	0	1289	0	0	0	0	0	0	0	0	0	0	0	0	536	1084	0	721	0	0	0	0	0	0	0	0	0	0	0	0	0	0	0	0	0	605	
0	0	0	1386	0	0	0	0	0	0	0	0	0	0	812	0	0	0	0	0	0	0	0	0	0	0	0	0	0	0	0	0	0	0	0	0	0	0	0	654	0	508	0	0	0	0	0	0	0	0	0	667	0	0	0	0	0	0	0	1499	0	0	0	0	0	0	0	0	0	566	762	0	0	0	0	0	0	0	0	0	0	0	0	0	0	0	0	0	0	0	673	0	0	0	0	0	0	744	0	0	
0	0	0	0	0	0	1110	0	0	0	0	655	0	0	0	0	0	0	0	0	0	0	502	0	0	0	0	0	0	0	0	0	814	0	0	0	0	0	0	0	0	0	0	0	0	0	0	0	0	0	0	0	0	0	0	0	0	0	0	0	0	0	0	0	0	0	0	0	0	0	0	757	0	0	1199	0	0	0	0	0	0	1327	0	0	0	0	0	0	0	0	0	576	0	0	0	0	0	0	0	0	
0	0	0	0	0	0	0	0	0	0	0	0	0	0	0	0	0	926	1399	0	0	0	0	0	0	0	524	0	0	0	0	0	0	0	0	0	832	0	0	0	0	0	0	0	0	0	0	1351	0	0	0	0	0	0	1038	0	0	0	0	0	0	0	0	986	0	0	0	0	0	0	0	0	847	0	0	0	0	0	0	0	0	983	0	0	0	0	0	0	0	0	0	0	0	0	0	0	874	0	0	0	
0	0	0	0	0	0	0	783	0	0	0	0	0	0	0	0	0	0	1225	0	0	0	0	0	0	1464	0	0	0	727	0	0	0	0	0	0	0	0	0	0	0	0	0	0	0	0	0	0	1382	0	0	0	0	0	0	0	0	0	0	0	0	0	0	0	0	0	0	0	0	0	0	0	509	0	0	0	0	0	0	0	0	0	0	0	0	0	0	0	0	0	0	0	0	0	0	0	0	0	615	0	
0	0	0	0	1035	0	0	0	0	0	0	0	0	0	0	0	0	0	0	0	0	0	0	0	0	0	0	0	0	0	0	0	0	0	0	1077	0	0	0	0	0	0	0	0	0	607	0	0	0	0	0	0	0	0	0	0	0	1062	0	0	0	0	0	0	0	0	0	0	0	0	0	0	0	0	0	0	0	0	0	0	0	0	0	0	0	1401	0	0	0	0	0	0	0	0	0	699	0	0	0	955	
0	0	0	0	0	0	0	0	0	0	0	0	0	0	0	0	777	0	0	0	0	0	0	0	0	0	0	0	0	0	806	964	0	0	0	0	0	0	0	0	0	0	0	0	0	0	0	0	0	0	0	0	0	0	0	1111	0	0	0	826	0	0	0	0	0	0	0	0	0	0	0	0	0	0	0	0	0	0	0	0	0	0	0	0	0	0	0	608	0	0	0	0	0	0	0	0	603	965	0	0	
0	0	0	0	0	0	1477	0	0	0	0	0	0	0	0	0	0	0	0	0	1051	0	0	940	0	0	0	0	0	0	1288	0	1105	0	0	0	0	0	0	0	0	0	0	1344	0	0	0	0	0	0	0	0	0	0	872	0	0	0	0	546	0	0	0	0	0	0	0	0	0	0	0	0	0	0	0	0	1087	655	0	0	0	0	0	0	0	0	0	0	0	0	0	710	0	0	0	1413	741	525	0	0	
0	0	0	0	960	0	0	0	0	772	0	0	0	0	0	0	0	0	0	0	796	0	0	0	0	0	0	0	0	0	0	0	1044	0	0	0	0	0	0	848	0	0	557	0	0	0	0	0	0	0	1265	0	0	0	0	0	0	0	0	0	551	0	0	0	0	0	0	0	0	0	0	0	0	0	0	514	0	0	0	0	0	0	0	0	0	0	0	0	0	0	0	0	0	0	0	0	0	0	0	0	
0	0	0	0	0	0	0	0	0	0	0	0	543	0	0	0	844	0	0	0	0	1159	0	0	0	0	0	982	0	0	0	915	0	0	0	0	0	0	0	745	0	987	0	0	1279	0	1346	0	0	0	0	0	0	0	0	0	0	0	0	0	0	1265	0	0	816	0	0	0	0	1097	0	0	0	0	0	0	0	0	0	0	0	0	0	0	0	0	0	0	0	0	0	0	0	0	0	0	0	0	0	0	
0	0	0	1497	0	0	0	0	0	0	0	0	0	0	0	0	0	0	0	0	0	0	1398	0	0	0	0	0	0	0	0	0	627	0	0	0	0	0	0	0	0	0	1025	0	0	0	0	0	0	0	0	0	1342	0	0	0	0	1107	0	0	0	543	0	0	0	0	0	0	0	0	0	0	1036	0	0	0	0	0	0	0	0	0	1218	0	0	0	1419	1195	0	0	0	0	0	0	0	0	0	0	0	0	
0	0	0	0	0	0	0	0	0	0	0	0	0	0	0	0	0	0	0	0	747	0	1172	0	1375	0	0	0	0	0	0	0	0	0	0	0	0	0	0	0	0	0	0	0	0	0	701	0	0	0	0	0	0	0	0	0	0	0	0	0	0	1117	0	0	0	0	0	0	0	0	1052	0	0	0	0	0	1197	0	0	0	0	0	0	0	0	0	0	0	0	0	0	0	0	0	0	0	0	0	0	0	
0	0	0	0	0	597	0	0	0	0	0	0	0	0	0	0	0	0	0	0	0	0	0	0	0	0	877	0	0	0	0	0	0	0	0	0	0	0	826	0	0	0	0	0	0	0	0	0	0	0	0	0	0	0	0	0	0	0	0	0	689	1008	0	0	0	0	0	0	0	0	0	0	0	0	0	0	0	0	0	0	0	0	913	0	0	0	0	0	0	0	1389	0	0	0	0	1141	0	0	746	0	
0	0	0	0	0	0	0	0	600	0	0	0	0	863	0	0	0	0	0	1093	0	0	0	0	0	0	0	0	0	0	0	0	0	0	0	0	0	0	0	0	0	0	1346	0	0	0	0	0	0	0	0	0	0	0	0	0	0	0	0	1059	0	0	0	0	0	872	0	0	0	0	0	0	0	0	0	0	0	0	0	680	0	0	0	0	0	0	951	0	0	0	0	0	0	0	0	1475	0	0	0	0	
0	0	0	0	0	0	988	1436	0	0	0	0	0	0	0	0	0	0	0	878	0	1445	0	0	0	0	0	0	0	0	0	0	0	0	1117	0	1182	0	0	0	0	1145	0	0	0	0	0	0	0	0	815	0	0	0	1249	0	0	0	0	0	0	0	0	0	0	0	682	561	0	0	0	0	0	0	0	0	0	0	0	0	0	0	0	0	0	0	0	0	0	0	0	0	0	0	0	0	0	0	739	0	
0	0	0	0	0	0	0	0	1032	0	0	0	0	0	1352	0	0	0	0	907	0	0	0	0	0	0	0	0	0	0	0	0	0	914	0	0	0	0	0	0	0	0	0	0	0	0	0	0	0	0	0	0	0	0	0	0	0	0	0	0	1386	0	0	0	0	0	1142	0	0	0	0	0	0	0	0	1027	0	0	0	0	0	0	0	0	0	0	0	0	0	0	580	0	0	0	0	0	0	0	0	0	
0	0	0	1330	1001	0	1485	0	0	0	0	0	0	0	0	0	0	0	0	0	0	0	1475	0	0	0	0	0	0	0	0	0	0	0	0	0	0	0	0	0	0	0	0	0	0	0	0	0	0	0	0	0	0	0	0	0	0	0	0	0	0	0	0	525	0	0	0	0	0	0	0	0	1139	0	0	0	0	0	0	0	911	0	0	0	0	0	0	0	0	0	0	0	0	0	0	1342	0	0	0	0	
0	0	0	0	0	1468	0	0	0	979	983	0	0	0	0	0	0	0	0	0	0	0	0	0	0	0	0	0	0	0	0	0	0	0	0	0	0	0	0	0	0	1294	0	0	0	0	0	0	0	0	0	0	0	0	0	0	0	0	0	0	0	0	0	0	0	0	0	0	0	1477	0	1335	0	0	0	0	0	0	636	0	0	0	0	0	0	0	0	0	0	0	0	1073	0	0	0	0	0	0	0	0	
1367	0	0	0	697	0	0	0	0	0	0	0	1171	0	0	0	0	0	0	0	0	0	0	0	0	0	0	0	0	0	0	0	0	0	0	0	0	0	0	1127	0	0	0	0	0	0	0	1089	0	0	0	0	0	0	0	0	0	0	0	0	0	0	0	0	0	0	0	0	0	0	0	0	0	0	1301	0	0	0	0	0	917	0	0	0	0	916	0	0	0	0	0	0	0	0	0	0	1153	0	0	0	
0	0	0	1343	0	0	0	0	0	0	0	0	0	0	0	0	0	0	0	0	0	0	0	0	0	0	0	0	666	0	0	0	0	0	0	0	0	0	1411	0	0	0	0	0	0	0	0	0	0	1091	0	0	0	0	0	893	0	0	1384	0	0	0	0	0	1024	0	0	0	0	0	0	0	0	0	0	0	0	747	0	0	0	0	0	0	0	0	1097	0	0	983	0	0	0	0	0	0	0	0	0	0	
0	0	0	0	0	0	0	0	0	813	0	0	0	0	0	0	0	0	0	0	0	0	0	0	0	0	0	0	0	0	0	0	0	0	0	1402	0	0	0	0	0	0	0	1330	0	0	0	604	1009	0	0	0	0	0	0	0	0	0	0	0	0	0	0	0	0	576	0	0	0	920	0	0	0	0	0	890	0	0	0	0	0	0	0	0	0	0	0	0	0	0	0	0	0	0	0	0	0	871	0	0	
0	0	0	0	0	0	0	0	0	0	0	0	0	0	0	0	0	0	0	0	0	0	0	0	0	0	0	1104	0	567	0	0	0	0	0	0	0	0	0	0	0	0	0	0	0	0	0	0	0	0	0	0	0	0	0	0	0	0	0	0	0	0	0	0	0	0	0	0	0	903	0	0	0	0	0	0	0	621	0	0	0	584	803	0	0	0	0	0	791	0	0	0	0	560	0	0	0	0	0	0	
0	0	0	1370	0	0	0	0	0	1485	0	0	0	0	0	992	0	0	1251	0	0	0	0	0	0	0	0	0	0	0	0	0	0	0	0	0	0	1418	1366	0	0	0	0	0	0	0	0	0	0	0	820	0	0	0	0	0	0	0	0	0	684	0	513	0	0	876	0	0	0	0	0	0	0	0	0	0	0	0	0	0	0	0	0	727	0	604	0	0	1295	0	0	0	0	0	0	0	0	0	0	0	
0	0	0	0	0	0	0	0	0	0	0	0	0	0	0	0	0	0	1403	0	0	0	0	0	0	0	0	0	0	0	0	0	0	0	0	0	0	0	0	0	0	0	0	0	0	0	0	0	0	0	0	0	0	0	0	1107	0	0	0	0	0	0	0	0	0	0	0	1413	0	0	0	0	0	0	702	0	0	0	0	0	0	0	0	0	0	0	0	0	0	0	0	739	0	0	0	0	0	0	0	0	
0	0	0	0	0	0	0	0	0	0	0	0	0	0	0	0	0	0	0	0	0	1044	0	0	0	0	0	0	0	0	0	0	0	0	0	0	0	0	629	0	0	0	0	0	0	0	0	0	0	0	0	0	0	0	1302	0	0	0	0	0	0	0	0	0	981	0	0	0	0	0	0	0	0	0	0	0	0	0	0	0	0	0	0	0	0	0	0	1240	0	0	0	0	0	0	0	0	0	0	0	0	
0	0	0	0	0	0	1009	0	0	0	1314	0	0	0	0	0	0	1207	0	0	0	0	0	0	0	0	0	0	0	0	0	0	0	0	0	0	0	0	0	0	0	0	0	907	0	856	0	0	0	0	1392	0	0	0	0	0	0	0	929	0	0	0	0	0	0	0	0	0	0	0	0	0	0	0	0	0	0	0	0	0	1175	0	0	0	0	0	0	0	0	0	0	0	0	0	0	0	0	610	0	0	
0	0	0	0	0	0	0	0	1399	1472	0	0	1107	0	1174	0	0	0	0	0	0	0	0	1305	0	0	0	0	0	0	0	0	0	0	0	0	0	0	0	0	0	1332	0	0	1300	0	0	0	0	0	0	1136	1407	0	675	0	1175	0	0	0	0	0	0	859	0	0	0	0	0	0	0	0	0	0	0	0	0	0	0	0	0	0	0	0	0	0	829	0	0	0	0	0	0	0	0	0	0	0	0	0	
0	0	0	0	0	0	0	0	0	0	0	629	0	0	0	0	0	0	0	0	0	0	0	0	0	0	0	0	0	0	0	0	1215	0	0	0	0	0	0	0	0	0	0	0	0	0	0	0	0	0	947	0	0	0	0	0	0	0	0	0	628	0	690	0	0	0	0	0	0	0	0	0	0	0	1222	0	0	737	0	0	0	0	0	0	0	0	0	0	0	0	0	0	0	0	0	925	0	0	0	0	
0	0	0	1119	0	0	0	0	1026	0	0	0	0	0	0	0	0	0	0	0	0	0	0	0	0	0	0	0	919	0	0	0	0	0	0	0	0	0	0	0	0	0	0	0	0	0	0	875	0	0	0	0	0	0	0	0	0	1450	0	0	0	0	0	0	0	0	0	769	0	0	0	0	0	0	0	0	0	0	0	0	0	749	0	0	0	0	0	0	0	0	0	0	0	0	0	0	1489	0	0	0	
0	0	0	0	0	0	0	0	0	0	919	0	0	0	0	0	0	1462	0	0	0	0	0	0	0	0	0	1016	0	0	0	0	0	0	0	0	0	1235	0	0	0	0	0	528	0	610	0	0	0	0	0	0	0	1278	0	0	0	0	0	0	0	0	0	0	0	0	0	0	0	0	505	0	0	0	0	0	0	0	0	0	1109	0	0	0	0	0	0	0	1056	0	0	0	505	0	0	0	0	0	0	0	
0	0	0	0	972	0	997	0	0	0	0	0	0	0	0	0	0	0	0	0	0	0	0	0	0	0	0	946	0	0	0	0	0	1123	1446	0	0	0	0	0	0	0	0	0	0	0	0	0	0	0	0	0	0	0	0	0	0	0	0	0	0	0	892	0	0	0	0	0	0	0	0	0	0	0	0	0	0	0	597	0	0	1115	0	0	0	1212	0	0	0	0	0	0	0	0	0	0	0	0	0	0	
0	0	0	1279	890	0	0	0	774	0	0	922	0	0	1078	0	0	0	0	0	0	0	0	0	0	0	0	0	0	0	0	0	0	0	0	0	705	1374	0	0	0	0	0	0	0	0	0	0	0	0	0	0	0	0	0	0	0	0	0	0	0	0	0	610	0	0	684	0	0	0	0	0	0	0	0	0	0	0	0	0	0	0	0	0	0	0	0	0	0	0	0	0	0	0	0	0	0	0	0	0	
0	0	0	0	0	0	0	0	0	0	1241	0	0	0	0	0	0	0	0	0	0	0	0	0	0	1339	0	0	0	0	0	1037	0	0	0	0	0	0	0	0	0	0	0	0	0	0	1192	0	0	0	0	0	1179	0	938	0	0	1371	0	0	1472	955	0	1366	0	0	0	0	0	0	0	0	0	0	0	0	0	0	0	0	0	0	0	0	0	0	0	0	0	0	0	0	0	0	1077	0	0	571	0	1305	
0	0	0	0	0	0	0	0	0	0	0	0	0	0	1470	0	0	1204	0	867	0	0	0	0	0	0	0	0	1267	0	0	0	0	0	0	0	0	0	0	0	0	0	0	0	0	0	0	799	0	1076	0	0	0	0	0	1455	1294	0	0	0	0	0	0	0	0	0	0	0	0	0	0	0	0	0	0	0	0	0	0	0	0	0	0	0	0	0	0	0	0	0	0	0	0	0	0	0	0	0	0	0	
0	0	0	0	869	0	0	0	0	0	0	0	0	0	0	0	0	0	0	0	0	0	0	0	603	0	0	0	0	0	0	0	0	0	0	0	0	1170	0	0	0	0	0	0	0	0	0	0	0	0	0	0	0	0	0	0	0	0	0	0	0	0	542	0	0	0	0	0	0	0	0	0	721	0	0	0	0	0	0	0	874	0	1304	0	0	0	0	0	0	0	0	0	0	0	0	0	0	0	0	0	
0	0	0	0	0	0	1349	0	0	0	0	0	0	0	0	0	0	0	0	0	0	0	0	0	0	0	0	0	0	0	0	0	0	927	0	0	0	0	0	0	0	0	0	0	0	0	1074	0	0	0	0	0	0	0	0	0	0	0	0	0	0	0	0	0	0	0	0	0	0	0	0	0	513	0	0	0	0	0	0	0	801	0	0	0	0	0	0	0	0	0	0	0	1023	0	0	0	0	0	0	0	
720	0	1470	0	0	0	0	0	0	0	0	0	0	0	0	0	0	0	0	0	0	0	0	0	0	0	0	1358	0	0	0	559	0	0	0	0	0	0	0	0	0	0	0	0	0	0	0	0	0	1009	1428	0	0	0	751	0	0	0	0	0	0	0	0	0	0	0	1168	0	0	0	0	0	0	0	0	0	0	0	0	0	0	0	0	0	0	0	0	0	0	0	0	0	0	0	0	0	0	0	0	0	
0	1035	0	1437	0	0	0	0	0	0	0	0	0	0	0	0	0	0	0	0	0	0	0	0	0	0	521	0	0	0	1289	959	0	0	0	0	0	0	0	0	0	837	0	0	0	0	0	917	0	0	0	0	0	0	0	0	0	0	0	0	0	0	0	0	0	0	0	0	0	651	0	0	0	0	0	0	0	0	0	0	1491	0	0	0	0	0	0	0	0	0	0	0	0	0	0	0	0	546	0	0	
0	0	0	1155	0	0	0	0	764	535	0	0	0	0	0	0	0	0	0	0	0	0	0	0	0	0	0	0	0	0	0	0	0	0	696	0	0	0	0	0	0	0	0	0	0	0	0	0	0	0	0	0	0	0	0	0	0	0	0	0	0	0	0	0	0	0	0	0	0	0	0	0	0	0	0	0	0	0	0	0	1448	0	0	0	0	0	0	0	0	0	1124	0	0	0	514	0	0	0	0	0	
0	0	0	0	0	0	0	0	0	0	0	0	0	0	526	1282	0	0	0	0	0	0	0	0	0	0	0	0	0	0	0	0	0	0	0	0	1304	0	0	0	0	0	0	0	0	0	0	0	0	0	0	0	0	0	0	0	0	0	0	0	0	0	0	0	0	0	0	0	0	0	0	0	0	0	0	0	0	0	0	0	0	0	0	0	0	0	0	0	0	0	0	0	0	0	0	0	0	0	0	0	
0	0	0	0	0	0	0	0	0	0	0	0	0	0	0	0	0	0	1224	0	0	0	0	0	0	0	0	639	0	0	0	657	0	0	1293	0	0	0	0	0	0	965	0	0	1354	0	0	1383	0	0	0	0	0	0	1110	1217	0	0	0	0	0	0	0	0	0	0	0	1190	0	0	0	0	0	0	0	0	0	0	0	0	0	0	0	0	1047	0	0	686	0	0	0	0	0	0	771	0	0	0	0	0	
0	0	0	0	1155	0	0	0	0	0	0	0	0	0	0	0	0	0	0	0	0	0	0	0	0	0	0	0	0	799	0	0	0	0	0	0	0	0	0	719	0	0	0	0	0	0	0	0	0	0	1262	0	0	0	0	0	0	0	0	0	0	0	650	0	0	0	0	0	0	0	0	0	0	0	0	0	0	636	0	1071	0	0	0	0	0	858	0	0	0	0	0	0	0	883	0	0	0	0	0	0	
0	0	0	0	0	711	0	0	0	0	0	0	0	0	0	0	0	0	0	0	0	0	0	0	0	0	0	0	0	0	1097	0	0	0	0	0	0	0	0	1346	0	0	0	0	0	0	0	0	0	0	0	0	0	0	0	0	0	0	0	0	0	0	0	0	0	0	0	0	0	0	0	0	0	0	0	0	0	0	0	0	0	0	0	0	0	0	0	667	0	0	0	0	0	0	0	0	0	0	0	0	
0	0	0	0	0	0	0	0	0	0	0	0	0	0	0	0	0	0	0	0	0	0	0	0	923	0	1192	0	0	0	0	0	0	0	0	0	0	0	0	0	0	0	0	0	0	0	0	0	0	0	0	0	0	0	0	0	0	619	0	0	0	0	0	1270	0	0	0	0	0	0	0	0	0	0	0	0	0	0	0	0	0	0	0	0	0	0	0	0	0	0	0	0	1412	0	0	0	0	0	0	667	
0	1289	0	0	0	0	0	598	0	0	0	0	0	0	0	0	0	0	0	0	0	0	0	0	0	0	1300	0	1372	0	684	0	0	0	0	0	0	0	0	0	0	0	0	0	0	0	0	1186	0	0	0	1116	0	0	0	0	865	0	0	0	809	0	0	0	0	0	0	0	0	0	0	0	0	0	0	0	0	0	771	0	0	0	0	0	0	0	0	751	0	0	0	0	0	0	0	0	542	0	0	0	
0	890	0	0	0	883	0	0	0	0	0	0	0	0	0	0	0	0	0	0	0	0	0	0	0	0	0	0	0	0	0	0	1361	0	0	0	1230	0	1062	0	0	0	0	0	0	0	0	0	0	0	0	0	0	0	0	0	0	0	0	0	0	0	0	0	0	0	0	1175	0	0	0	0	0	0	0	0	0	0	0	0	874	0	0	0	0	0	0	565	0	0	0	0	0	0	0	0	1329	0	0	0	
0	0	0	0	0	0	0	755	1453	0	0	0	0	0	0	0	0	0	0	0	0	0	0	0	0	0	0	0	0	0	0	0	0	0	0	0	0	0	0	0	0	0	0	0	0	0	0	0	0	1241	0	0	0	0	0	0	1154	1447	0	0	0	0	0	0	0	0	0	0	0	0	0	0	0	0	0	0	756	0	0	1191	1216	0	730	0	0	951	0	0	0	0	0	0	0	0	0	0	531	0	0	0	
0	0	0	0	0	0	0	0	0	0	0	0	0	0	0	0	0	0	0	0	0	547	0	0	0	0	0	0	0	0	0	0	0	0	0	0	0	936	0	0	0	0	0	522	0	0	0	0	0	0	0	0	0	0	0	0	0	0	0	0	0	0	0	0	0	0	1313	0	0	0	965	0	0	0	0	1086	0	0	0	0	0	945	0	0	0	1321	0	0	0	0	590	0	0	585	0	0	0	0	0	0	
0	0	0	0	0	0	0	0	0	0	0	0	0	0	0	0	0	0	0	0	0	749	0	0	917	0	0	760	0	1371	0	0	0	0	0	0	0	0	0	0	0	0	0	0	0	0	0	0	0	0	781	0	0	1170	0	0	0	1213	0	0	0	0	0	0	0	0	0	0	0	0	0	0	0	0	0	0	0	1447	0	0	0	0	601	0	1006	843	0	0	0	0	0	0	704	0	0	0	0	0	0	0	
0	1083	0	0	0	0	0	0	939	0	0	0	0	0	0	0	0	0	0	0	0	1348	0	0	0	0	878	0	0	0	0	0	0	719	0	0	819	0	0	0	0	0	0	0	0	0	0	0	0	0	1001	0	0	0	0	0	953	0	0	0	0	0	0	0	0	0	0	0	0	0	0	0	0	0	0	0	0	0	0	0	0	0	0	0	0	0	0	0	0	0	0	0	0	568	0	0	0	962	0	0	
0	0	0	0	0	0	0	0	0	0	0	0	0	0	0	0	0	0	573	0	0	0	0	1325	0	0	0	0	0	0	0	0	0	0	0	0	0	0	0	0	0	0	0	0	0	0	0	0	828	0	0	0	0	0	0	0	0	0	0	0	0	0	0	1496	0	0	0	0	0	0	0	0	0	0	0	0	0	0	0	0	0	0	0	0	0	0	0	1200	0	0	0	0	0	0	0	0	0	0	0	0	
0	0	0	0	0	0	0	0	0	0	0	0	0	0	0	0	0	0	0	0	0	0	0	0	0	0	0	0	0	608	0	0	507	0	0	0	1257	0	0	0	747	1008	0	0	0	0	0	0	0	0	0	509	0	0	0	0	0	0	0	814	0	0	0	0	0	0	0	0	0	0	0	1018	0	0	1062	920	0	0	0	0	0	0	0	0	0	0	1170	0	0	695	0	0	0	0	0	0	0	545	0	0	
0	0	0	0	0	0	0	0	0	0	0	0	0	0	0	0	0	0	0	0	0	0	0	0	0	1162	0	0	0	0	0	0	0	0	1364	0	0	0	0	0	0	0	0	0	669	0	0	0	0	0	0	0	0	0	949	0	0	0	0	0	0	0	0	0	0	1231	0	0	0	0	0	0	0	0	0	1013	0	0	0	0	0	0	0	0	0	0	1343	0	0	0	0	0	0	0	0	0	767	0	1307	0	
0	0	0	0	1354	0	0	1147	0	570	0	0	0	0	0	0	0	0	0	0	0	0	0	0	0	0	0	0	0	0	0	0	0	0	0	0	0	0	0	0	0	0	0	0	0	0	0	0	0	0	0	0	0	0	0	0	0	0	0	0	0	1251	1462	0	0	0	0	0	0	895	0	1117	0	0	0	0	0	0	0	0	0	0	0	0	0	0	0	0	0	0	0	0	0	0	0	0	0	0	0	1215	
0	0	0	0	0	0	0	0	653	0	0	0	0	0	0	0	0	967	0	0	0	0	0	0	0	0	0	0	0	0	0	0	0	1147	0	0	0	0	0	0	0	0	0	0	0	1385	0	0	0	0	0	0	585	586	0	0	0	0	0	1096	0	1014	1367	0	1010	0	0	0	0	0	0	0	0	0	0	565	0	0	0	0	0	0	1073	0	902	0	0	0	0	0	0	0	0	0	1290	0	0	0	0	0	
0	0	0	0	0	0	0	0	0	0	0	0	0	0	0	569	0	1239	0	0	0	0	0	0	0	0	0	0	0	0	0	0	0	0	0	0	0	0	0	0	0	0	0	0	0	0	0	0	0	0	0	0	0	0	987	0	0	0	0	0	0	0	1052	0	0	0	0	0	0	0	0	0	0	0	0	0	0	0	0	0	781	0	0	0	0	0	0	0	1011	0	800	0	0	0	0	0	0	0	0	0	
0	0	0	0	0	0	641	0	0	0	1060	612	0	0	0	0	0	560	0	0	0	0	0	0	0	0	0	0	0	0	0	0	1342	0	960	1497	0	0	0	0	0	0	0	0	0	0	0	0	0	0	0	0	0	915	0	0	0	0	0	0	0	0	1024	0	0	0	0	0	0	0	0	0	0	0	0	0	0	0	0	0	0	0	0	0	0	0	0	0	1204	0	0	0	794	0	0	0	0	0	0	0	
0	0	0	0	0	0	0	0	0	1349	0	0	0	0	0	0	0	0	0	0	0	0	866	1443	0	0	0	0	0	0	0	0	0	0	0	0	0	0	0	0	0	0	0	0	0	0	0	0	1292	0	717	0	0	0	0	0	0	1200	0	0	0	0	0	0	0	0	0	0	0	0	0	0	0	0	0	0	0	0	0	0	0	0	517	0	0	0	0	0	0	1475	0	1104	0	0	0	0	0	0	0	1347	
0	0	0	581	0	0	0	0	0	0	0	0	0	0	0	0	0	0	0	1067	0	0	0	0	0	0	0	0	0	0	0	0	0	0	0	0	0	0	0	611	0	1427	0	0	0	0	0	0	0	0	0	0	0	501	0	0	767	0	0	0	0	0	1244	0	0	0	0	1010	0	0	0	0	0	0	0	0	0	0	0	0	0	0	0	0	514	0	0	0	0	0	1186	0	0	0	0	0	1354	0	0	0	
0	0	1414	0	0	0	0	0	0	0	0	0	0	0	0	0	0	0	958	0	0	0	0	1361	0	0	0	0	0	0	0	0	0	0	0	0	0	0	0	0	0	0	0	0	0	0	1117	0	0	0	0	0	0	1269	0	0	0	0	0	0	0	0	0	0	0	0	0	0	0	0	0	0	0	0	0	0	0	0	0	0	0	0	0	0	0	0	0	0	0	0	0	0	0	0	0	0	0	0	0	0	
0	0	0	0	0	0	0	1247	0	0	0	0	0	0	1478	0	0	0	1223	837	0	0	0	0	1266	0	0	0	0	0	0	0	0	1109	0	0	597	0	0	0	0	978	0	0	0	0	0	0	0	0	0	0	0	0	0	0	0	0	511	1463	1423	525	0	0	0	0	0	0	0	0	0	0	0	0	0	0	0	0	0	0	0	0	0	0	0	0	0	0	0	0	0	0	0	0	0	0	0	0	0	1240	
0	0	0	1209	0	0	0	0	0	0	0	0	0	0	0	0	0	0	0	0	0	0	0	0	0	0	0	0	1046	0	0	0	0	0	939	0	0	0	0	0	0	0	0	0	0	0	0	0	965	0	0	0	0	0	0	1454	0	0	0	0	0	675	0	0	0	0	0	0	0	0	0	0	0	0	1022	699	826	0	0	0	0	0	0	606	0	0	0	0	0	0	0	0	0	0	0	0	0	0	0	0	
0	0	710	0	1440	0	0	0	0	0	0	0	0	0	0	0	1456	0	651	0	0	0	0	934	0	0	0	1438	0	0	0	924	0	0	0	0	0	872	0	0	0	0	0	0	0	0	0	0	0	0	0	0	0	0	0	903	907	0	0	0	0	0	0	0	0	0	0	0	0	0	0	0	818	0	0	0	0	0	0	0	0	0	0	0	0	0	0	0	0	0	0	0	0	0	0	0	691	0	0	0	
0	0	0	0	0	0	1229	0	0	0	0	1424	0	0	1210	0	0	0	0	928	0	0	0	0	0	0	0	0	0	0	0	0	749	0	0	0	0	0	536	0	0	0	0	0	0	0	0	0	0	0	0	0	0	0	0	0	0	1214	0	1020	0	0	0	642	0	0	0	0	0	0	0	0	0	0	0	0	0	0	0	0	0	0	0	0	0	524	0	0	0	0	0	0	0	0	0	0	0	0	0	0	
766	0	0	0	0	0	0	0	0	0	0	0	1420	0	0	0	0	0	1193	0	0	1099	0	0	883	0	0	0	0	0	0	0	0	0	0	0	0	0	1435	1180	0	0	0	0	0	1048	0	1471	0	0	0	0	0	0	1037	0	0	0	0	0	922	0	0	0	1282	0	0	0	0	0	0	0	0	0	0	0	0	0	1494	0	0	0	1416	0	0	0	0	0	0	0	0	0	0	0	0	0	0	0	841	0	
0	0	1124	0	0	0	0	697	0	0	0	0	0	0	0	0	0	504	0	565	0	0	0	0	0	0	1324	0	0	0	0	0	0	0	0	0	0	0	0	0	0	0	0	0	0	0	0	0	0	0	0	0	0	0	0	0	0	0	0	0	0	0	0	0	0	0	0	0	0	0	0	0	0	0	0	0	0	0	0	0	0	0	0	0	0	987	0	0	0	0	0	0	0	705	0	0	0	0	0	0	
0	0	0	0	0	0	0	0	0	0	0	0	955	0	0	0	0	0	0	0	1052	0	0	0	0	1255	0	0	0	0	0	1383	0	0	0	0	0	0	0	0	0	0	0	0	0	0	0	0	0	0	0	0	0	0	0	0	896	0	0	0	0	0	0	0	0	0	0	0	0	0	0	0	0	0	0	0	0	848	0	0	0	765	0	0	0	0	0	0	0	0	0	0	831	0	0	550	0	0	0	0	
0	0	0	0	0	0	0	0	1420	0	0	0	0	0	0	0	0	831	0	0	0	0	832	1348	0	0	0	0	0	1261	0	0	0	0	0	0	0	0	0	0	0	0	0	0	613	0	0	0	0	1146	0	0	0	0	0	0	0	0	0	0	0	0	0	0	0	0	0	0	0	0	0	0	0	0	677	0	511	0	0	0	0	0	0	0	0	0	0	0	0	0	0	0	0	0	1078	0	0	0	0	0	
0	0	0	0	0	0	0	0	0	0	539	0	0	0	0	0	0	0	0	0	0	0	0	0	0	0	0	0	0	1488	0	0	0	0	0	0	0	0	0	0	0	0	0	0	1270	0	0	0	0	1271	0	0	0	0	0	0	0	0	0	0	0	0	0	0	0	0	0	0	0	0	0	0	0	0	0	0	0	0	0	0	0	0	0	0	0	0	0	0	0	0	0	0	0	0	0	0	0	0	0	0	
0	0	0	0	0	0	0	0	0	0	0	0	0	0	0	0	0	979	0	0	0	0	0	0	0	0	0	0	0	0	0	0	1408	0	700	0	0	0	0	0	1268	0	0	0	0	0	0	1053	0	0	0	0	0	0	0	0	0	0	0	0	0	0	0	0	0	0	1143	0	0	0	1327	0	0	0	0	0	0	1291	0	0	0	0	0	0	0	0	0	0	0	0	0	0	0	0	0	0	0	0	0	0	
0	0	0	0	0	0	0	0	0	0	0	0	1240	0	0	0	1015	0	0	0	0	0	0	815	0	0	0	0	0	0	0	0	0	922	0	0	0	0	0	0	0	1002	0	0	0	0	0	0	0	0	0	0	0	0	0	0	0	0	0	0	0	0	0	1111	0	0	0	0	0	1060	0	0	832	0	1387	0	1160	0	0	0	0	0	0	0	0	0	0	0	0	0	0	0	0	0	1400	0	1356	0	0	0	
0	0	0	0	0	0	0	0	0	0	0	0	0	0	0	0	0	0	0	0	0	0	0	0	0	0	0	0	0	0	0	891	1118	0	0	0	0	0	0	0	0	0	0	0	532	0	0	0	549	0	1029	0	0	0	0	0	0	0	0	0	0	0	986	0	0	0	0	0	0	0	0	0	0	0	0	0	0	0	0	0	0	0	1201	0	0	0	0	0	0	0	0	0	0	0	0	0	0	0	0	0	
0	0	0	0	1307	0	0	0	0	0	0	0	0	0	1208	0	0	0	0	0	0	0	0	0	0	0	0	0	638	0	0	0	0	1134	0	0	0	0	0	930	0	0	0	0	0	0	0	0	0	0	0	0	0	0	0	0	0	0	0	673	0	959	0	0	0	0	0	0	0	0	0	0	0	0	0	0	0	0	0	0	0	0	0	0	0	0	0	0	0	0	0	0	0	0	0	0	0	1229	0	0	
0	0	0	0	0	0	0	0	0	0	1271	0	0	0	0	0	0	0	0	0	811	0	846	0	1286	633	0	0	0	0	0	0	0	0	0	0	0	0	0	0	0	0	0	793	0	0	0	0	0	0	0	0	0	0	0	0	0	0	0	0	0	0	0	0	0	0	0	1136	0	0	0	0	0	0	0	0	0	0	0	0	0	0	0	0	0	0	0	0	1192	1431	0	0	0	0	0	0	0	0	0	0	
0	1221	0	0	0	0	1459	0	1313	0	0	0	0	0	0	0	0	0	0	0	0	0	0	0	0	0	0	839	0	0	0	0	0	0	0	518	0	0	0	0	0	1117	0	0	0	0	0	0	0	556	0	0	1279	0	0	0	0	0	0	0	0	0	0	0	0	0	0	0	0	0	0	0	0	901	0	0	0	925	671	0	0	0	0	0	0	0	0	0	0	0	0	0	0	0	0	0	0	0	0	0	
0	0	0	0	0	0	0	0	0	0	0	0	0	0	0	0	0	917	0	0	0	0	0	0	0	0	0	0	0	0	0	0	1451	0	0	0	1074	650	0	0	0	1372	0	0	0	0	0	0	0	0	654	0	0	0	1349	0	0	0	0	0	0	0	0	0	0	0	0	0	0	0	1018	0	0	0	0	0	0	0	0	0	0	0	0	923	0	0	0	0	0	0	0	0	0	0	0	0	0	0	0	0	
0	0	1437	0	0	0	0	0	0	0	0	940	0	0	803	758	0	0	0	0	0	0	0	0	0	0	0	0	0	0	0	0	1033	0	1168	0	1495	768	0	0	0	0	0	0	0	0	0	0	0	0	0	0	0	0	882	0	0	0	0	0	0	0	0	0	0	503	0	0	0	0	0	0	0	0	1109	0	0	0	0	0	0	0	0	0	0	0	0	0	615	0	0	0	853	0	0	0	0	0	674	0	
0	0	0	0	0	0	0	0	0	0	535	0	0	1328	0	0	0	844	0	0	0	0	0	0	0	0	0	0	0	0	0	0	0	0	0	0	0	0	0	0	0	594	567	0	0	0	0	0	0	0	0	0	0	0	0	0	0	0	0	0	0	0	0	0	0	0	0	0	0	809	0	0	0	0	0	0	0	0	0	0	0	0	0	0	0	0	0	0	0	0	0	0	0	0	0	0	0	0	1015	0	
1096	0	0	0	0	0	0	0	0	0	0	0	0	0	1211	0	0	0	0	0	0	0	0	0	646	0	0	0	0	0	0	0	0	0	0	1490	0	0	1054	0	0	0	0	793	0	0	0	0	0	0	0	0	735	0	0	0	0	0	0	0	0	0	0	0	0	0	0	623	0	0	0	1336	0	1158	0	0	0	0	0	0	0	0	0	0	841	0	0	0	0	0	0	0	0	0	0	0	0	0	0	0	
0	948	0	0	0	0	0	910	0	0	0	0	0	0	0	0	0	0	0	0	0	678	0	0	0	0	0	0	0	969	701	0	0	0	0	0	0	0	0	0	0	0	0	0	0	0	0	0	0	0	0	0	0	1025	0	0	0	0	0	0	0	1486	0	0	0	0	0	0	994	0	0	0	0	0	0	0	0	687	0	0	0	0	0	0	0	0	0	0	0	0	0	0	0	0	0	0	0	0	0	0	
0	0	0	0	0	0	0	0	0	0	0	0	0	0	0	0	0	0	0	0	1429	1039	0	0	0	0	1005	0	0	0	1092	0	0	0	0	0	0	0	0	0	0	1118	0	547	0	0	0	0	0	0	0	0	0	0	0	0	0	0	0	0	0	957	0	723	1360	928	0	0	0	0	0	594	1466	0	0	0	0	0	1389	0	0	0	0	0	0	0	0	0	0	0	0	0	0	0	0	0	640	0	0	0	
0	0	0	0	0	0	0	0	0	0	0	1269	0	0	0	0	0	0	0	0	0	0	0	0	0	0	0	0	0	0	0	0	0	0	0	0	0	0	0	0	0	0	0	0	527	879	0	0	0	0	0	1421	0	0	552	0	0	0	0	1165	0	0	0	0	0	0	0	0	0	0	0	0	0	0	0	0	0	0	0	0	0	0	1452	1183	0	0	0	0	784	0	0	596	0	0	801	826	0	0	0	0	
953	0	0	0	0	0	0	0	671	0	0	0	0	0	0	0	0	0	1030	0	0	0	0	0	0	0	0	0	0	0	0	0	0	0	0	0	0	0	0	0	0	0	0	0	0	0	0	0	0	0	0	0	0	0	0	0	0	0	0	1096	0	0	0	0	0	0	0	605	0	0	0	0	0	0	0	0	0	0	0	0	0	0	0	0	0	1395	1124	0	0	0	0	0	0	0	0	0	0	0	0	0	
