100
0	0	0	0	0	0	0	0	0	0	0	0	0	0	0	0	0	0	0	0	0	0	0	0	0	0	0	0	0	0	0	0	0	0	0	0	0	0	0	0	0	1054	0	0	0	0	0	0	0	0	0	1210	0	0	1269	0	0	0	0	0	0	0	0	0	0	0	0	0	0	0	0	0	0	0	805	0	0	0	0	0	0	0	0	0	0	0	0	0	0	0	0	0	0	0	0	0	0	0	0	0	
1060	0	0	0	0	0	0	0	0	0	0	0	0	0	0	0	1119	0	0	0	0	0	0	0	0	0	0	0	0	0	0	0	0	0	0	0	0	0	0	0	0	0	0	0	0	0	0	0	0	0	0	0	0	0	0	1323	1493	0	0	0	0	0	0	0	0	0	947	1048	0	0	0	0	0	0	0	0	0	0	0	0	0	0	0	0	0	0	0	0	0	0	0	0	0	0	0	0	0	0	0	0	
0	0	0	744	682	0	0	0	0	0	0	0	0	0	0	0	0	0	1437	0	0	0	0	0	0	0	0	0	0	0	0	0	0	0	0	0	0	0	0	0	0	0	0	1364	0	0	0	0	0	0	0	0	0	0	1023	0	0	0	0	0	0	0	0	0	0	0	0	0	0	0	0	0	0	0	0	0	0	0	0	0	0	0	0	0	0	0	0	0	0	0	0	0	0	1431	0	0	0	0	0	0	
0	0	0	0	0	0	0	0	0	0	0	0	0	0	0	0	0	0	0	0	0	0	0	1271	1332	0	0	0	0	1029	0	0	0	1439	0	0	0	0	0	0	0	0	0	0	0	0	0	0	0	0	0	0	0	0	0	0	0	0	0	0	0	0	0	0	0	0	0	846	0	834	0	1063	0	0	0	0	0	0	0	0	0	0	0	1066	0	1190	0	0	0	0	0	0	0	0	0	0	0	0	0	0	
0	0	0	0	0	0	0	0	0	0	0	0	0	0	0	0	0	0	0	0	0	0	741	1267	0	0	0	0	0	0	957	595	0	0	0	0	0	0	0	0	0	0	1449	0	0	0	0	0	0	0	0	0	0	0	0	0	0	0	0	0	0	0	0	0	0	0	0	0	0	0	0	0	0	1182	861	0	0	0	0	0	0	545	0	0	0	0	0	0	0	1304	0	0	0	0	0	0	0	753	0	0	
0	0	0	0	0	0	0	0	0	0	0	0	0	0	0	941	0	0	0	0	0	0	0	0	0	1019	0	0	0	684	0	0	0	0	0	1260	0	0	0	0	0	0	0	0	0	0	0	0	0	0	0	0	0	0	0	0	0	0	0	0	0	0	0	0	0	0	0	0	0	0	0	1208	1162	0	0	0	0	0	0	0	0	0	722	0	0	0	0	0	0	0	0	0	0	0	0	0	717	633	0	0	
0	0	0	0	0	0	0	0	0	0	0	0	0	0	0	0	0	0	0	0	1300	1114	0	741	0	0	0	751	0	0	0	0	0	0	0	0	0	1424	0	0	0	0	0	0	0	1332	0	0	0	0	0	0	0	0	1107	0	917	0	0	0	0	0	0	0	0	0	0	0	0	1267	0	0	0	0	0	0	0	0	1125	0	0	0	0	0	0	0	0	0	0	0	0	0	0	0	0	0	0	0	0	0	
0	0	0	0	1114	0	0	0	0	0	0	0	0	1165	0	0	0	0	743	0	0	0	0	0	0	1034	0	0	515	0	0	0	0	0	0	0	592	0	0	0	0	0	828	0	0	0	0	0	1444	0	0	0	0	0	0	0	979	0	0	0	789	0	1255	0	892	0	0	0	0	0	0	0	0	0	0	0	1449	0	0	0	0	0	0	0	0	0	0	0	0	0	0	0	820	0	0	929	0	0	1109	0	
0	0	0	0	724	0	0	0	0	0	0	0	0	0	0	0	1065	0	0	910	0	0	0	0	0	0	0	0	0	0	0	0	0	0	0	555	0	0	0	0	0	0	0	0	0	0	0	0	0	0	0	0	0	0	0	0	0	0	0	0	0	0	0	0	0	0	0	0	0	0	0	0	0	1372	0	0	1320	0	0	0	0	0	0	0	0	0	950	0	1284	0	0	0	0	0	0	1262	0	0	0	0	
0	0	0	0	0	0	1065	0	0	0	0	0	0	0	0	0	0	0	0	0	0	0	0	567	0	0	0	0	0	0	0	0	0	0	0	756	1459	0	0	0	0	0	0	0	0	694	0	0	0	0	0	0	0	0	0	0	0	0	652	0	0	0	0	0	0	0	738	0	0	0	0	0	0	990	0	0	0	0	1414	0	0	0	0	0	0	0	0	0	0	0	0	0	0	1463	0	0	0	0	0	0	
0	0	0	0	0	0	742	0	0	0	0	0	0	0	0	0	0	0	0	0	0	0	0	0	0	0	0	0	0	0	0	0	0	0	1183	0	0	0	0	0	0	0	0	1174	0	0	837	527	0	0	0	841	0	0	0	0	0	0	0	0	0	0	0	0	0	799	0	0	0	0	0	0	0	0	0	0	0	0	0	0	1344	0	0	0	600	0	0	0	0	0	0	0	0	0	0	0	0	0	1197	0	
0	558	0	0	765	0	0	1120	0	0	0	0	0	0	0	0	0	0	0	0	0	0	0	0	0	0	0	0	0	0	0	0	0	0	0	0	0	0	0	0	0	0	0	0	0	0	0	0	0	0	0	0	0	0	0	0	0	0	0	0	715	0	0	0	0	0	0	544	0	0	0	0	0	0	0	0	0	0	819	0	0	0	0	0	0	0	0	0	0	0	0	923	0	0	846	0	0	0	0	0	
1028	0	0	0	0	0	0	0	0	0	0	0	0	0	0	0	0	0	0	0	0	0	0	0	1028	0	0	0	0	0	0	0	0	0	0	0	0	0	0	0	0	0	0	0	0	1082	0	0	0	0	0	0	0	0	0	0	0	0	0	0	1319	0	1497	551	0	0	0	0	1216	0	0	0	0	0	0	0	0	0	0	1209	1041	0	0	0	0	0	0	0	1262	0	0	0	0	0	0	0	1282	0	0	0	
0	0	0	0	0	0	1479	0	0	0	0	0	727	0	1105	0	0	0	0	0	0	0	0	0	0	0	0	0	712	0	0	0	0	0	0	0	0	0	0	0	557	0	0	0	0	0	0	0	0	0	697	0	955	0	0	0	0	0	0	0	0	0	892	882	0	0	0	0	0	0	0	0	0	0	0	0	686	669	0	0	0	0	0	0	0	0	0	0	0	0	0	0	0	0	0	0	0	0	1436	0	
1008	0	0	741	0	0	0	0	0	0	0	0	0	0	0	0	0	0	0	934	0	0	0	0	0	0	0	0	0	0	0	0	0	0	0	0	0	0	0	0	0	0	0	0	0	0	0	0	0	0	0	0	0	0	0	0	0	0	0	0	0	0	0	1357	0	0	0	0	1014	0	0	0	900	0	0	0	0	0	0	0	0	0	0	0	0	0	734	0	1410	0	1310	0	0	0	1269	0	0	0	1378	0	
0	0	0	0	0	0	0	0	0	0	0	0	0	0	0	0	690	0	0	0	0	0	0	0	0	0	0	1420	0	0	0	1003	0	605	0	0	0	0	0	0	0	0	0	0	0	0	0	0	0	0	0	0	1379	0	0	0	999	1493	0	0	0	0	0	0	0	0	0	0	0	0	0	0	0	0	0	0	1424	0	0	0	0	0	1087	0	0	1003	0	0	0	0	0	873	0	1497	1043	0	0	0	0	0	
0	0	0	962	0	0	0	0	704	0	0	0	1026	0	0	0	0	0	0	0	0	0	0	0	0	0	0	0	0	654	0	0	0	0	0	507	0	0	0	0	0	0	0	0	0	0	0	0	0	0	0	0	0	0	0	0	0	0	0	0	0	0	0	0	0	0	0	0	0	0	0	0	0	0	0	563	0	0	0	0	0	0	0	0	0	0	0	0	0	0	0	0	0	539	1167	0	0	1056	0	0	
0	0	0	0	0	0	0	1247	0	0	0	0	0	795	0	0	0	0	0	0	0	0	0	0	0	0	0	0	0	0	0	1215	0	0	0	0	0	0	0	0	0	0	0	832	837	0	0	0	0	0	0	0	960	0	0	0	0	0	0	934	0	0	0	0	0	0	0	0	0	0	0	0	0	0	0	0	0	0	1046	0	0	0	0	0	0	0	0	0	0	0	0	0	0	0	0	0	0	0	0	0	
0	0	0	0	0	0	0	572	0	0	0	0	0	0	0	0	825	0	0	0	0	0	0	0	0	0	0	585	0	0	1015	678	0	0	0	0	0	0	0	0	0	0	0	0	0	1310	0	0	0	0	0	0	0	1119	0	0	0	0	586	0	0	0	0	0	999	0	0	0	0	0	0	0	0	0	0	0	0	0	0	0	0	750	0	0	0	0	0	981	0	0	0	0	0	0	0	0	0	0	0	0	
0	0	0	0	0	0	0	0	0	0	0	0	807	0	0	0	0	0	0	0	0	0	0	0	0	0	0	0	0	0	0	0	0	0	1011	0	0	0	0	0	0	0	0	0	0	0	0	0	0	0	0	1087	0	501	1029	0	0	0	0	0	886	0	0	0	0	0	0	0	0	0	0	0	0	998	0	0	0	0	0	0	0	0	0	0	0	0	0	0	0	0	0	0	0	865	0	0	0	0	1368	0	
0	0	0	0	0	0	0	0	0	0	0	0	0	0	0	0	0	0	0	0	0	598	0	0	0	0	0	0	0	0	0	0	0	0	0	0	0	1225	0	0	1055	0	0	0	0	0	0	0	0	0	0	0	0	0	0	0	0	0	0	0	0	1148	0	0	0	0	0	0	0	0	0	0	0	0	749	0	670	0	995	0	0	0	0	0	0	0	0	0	0	0	0	0	0	0	0	0	0	1419	928	0	
0	0	0	885	0	0	0	0	0	951	0	0	0	0	0	0	0	0	0	0	0	0	0	0	0	0	0	0	0	1125	0	0	0	0	0	0	0	0	0	0	0	0	0	0	0	0	1098	0	0	0	0	0	0	0	0	0	0	0	1029	0	0	0	0	0	0	0	0	0	0	0	0	0	0	0	0	0	0	0	0	0	0	0	560	0	0	0	0	1416	0	0	0	0	0	1436	0	0	851	0	0	0	
0	0	0	0	0	0	0	0	1180	0	0	0	598	0	0	635	0	0	0	0	0	0	0	0	0	0	564	889	954	751	0	1207	1246	0	0	0	0	0	0	0	0	0	0	0	0	0	0	0	0	0	0	0	0	0	0	0	559	0	0	0	0	799	0	0	0	0	0	0	0	0	0	0	0	0	1195	0	0	752	0	0	0	0	0	1108	0	0	0	0	0	0	0	0	0	0	0	0	0	0	0	0	
0	0	0	0	0	0	0	521	0	0	0	0	0	0	0	1274	0	0	0	0	0	0	0	0	0	0	0	0	0	0	0	960	0	0	0	0	0	0	0	0	506	0	0	0	0	0	645	0	0	0	0	0	0	1224	0	0	911	0	0	0	526	0	0	0	0	0	0	0	0	0	0	0	0	0	0	0	0	0	0	0	0	0	0	0	740	0	0	0	0	0	0	0	0	0	0	0	0	0	0	0	
0	0	0	0	0	0	0	0	0	782	0	620	0	0	0	0	0	0	0	0	0	0	0	0	0	1419	0	0	0	0	627	0	700	0	0	0	0	0	0	0	0	0	0	0	0	985	702	0	0	0	0	0	0	0	0	0	0	0	0	547	0	0	0	0	0	0	0	0	0	0	0	0	0	0	0	0	0	0	0	0	0	0	0	0	0	0	0	0	0	0	0	0	1136	0	0	0	0	0	0	1222	
0	0	0	1331	1295	0	0	0	0	0	0	0	0	0	0	0	0	0	0	0	0	0	0	0	0	0	1246	0	0	0	1179	1297	0	0	0	0	0	0	0	589	0	0	0	0	0	0	0	0	0	0	0	0	0	0	0	0	1160	0	0	0	0	0	0	0	0	0	0	0	0	0	796	0	0	0	0	0	1324	0	0	0	0	0	815	0	0	0	1445	0	0	0	668	0	0	1351	0	0	0	0	0	0	
0	0	0	0	0	0	0	0	1441	0	0	0	1351	0	0	0	0	0	0	0	738	0	0	0	0	0	0	0	0	0	0	0	717	0	0	0	0	0	0	0	0	0	1004	660	0	0	0	1265	0	0	0	0	0	0	0	0	0	0	0	0	0	0	0	514	0	0	0	0	0	0	0	0	0	805	0	0	0	0	0	0	0	0	0	1245	0	0	778	0	0	0	0	0	0	0	0	0	0	0	0	0	
0	1034	0	0	0	1112	0	0	0	0	526	0	0	655	0	0	796	0	0	0	0	0	0	0	1203	0	0	0	0	0	0	0	0	0	0	0	0	0	0	0	0	0	0	0	0	0	0	0	0	0	0	0	0	0	0	0	0	0	0	0	0	0	730	0	0	0	0	691	1036	1129	0	0	0	0	0	0	0	0	0	0	0	0	0	0	0	0	0	0	0	0	0	0	0	0	1236	0	0	0	0	0	
0	0	0	0	906	0	0	0	0	0	0	0	0	0	604	0	0	0	0	0	0	0	0	0	0	747	0	0	0	0	0	0	1198	0	0	0	0	0	0	0	1143	0	0	770	1393	0	0	0	0	0	0	0	0	826	0	0	0	0	0	0	0	0	0	0	605	0	0	0	0	0	0	0	0	0	1441	0	1227	0	0	0	0	0	0	0	0	0	0	0	0	0	0	0	0	0	0	1269	0	0	0	0	
0	0	0	0	0	1095	0	0	0	0	0	0	0	837	0	0	0	0	0	0	0	0	0	0	0	0	0	0	0	0	0	0	0	0	0	0	0	0	0	0	833	0	0	0	0	0	0	0	0	0	0	0	1086	0	0	0	0	0	0	0	0	0	1188	0	0	0	0	0	0	0	0	0	0	0	0	0	0	0	0	0	1054	0	0	0	0	0	0	0	0	0	0	0	0	0	0	0	0	0	0	0	
0	0	1325	0	0	0	0	0	0	0	746	0	0	0	0	0	0	0	0	0	0	0	0	0	0	890	0	0	0	0	0	0	0	0	0	0	0	0	0	0	0	0	0	0	0	0	0	0	0	0	0	0	0	1199	0	0	0	0	0	0	0	0	0	0	0	0	0	0	0	0	0	0	0	0	0	0	0	0	0	0	0	0	698	0	0	0	0	0	1380	0	835	0	1139	591	0	0	0	0	0	0	
0	0	0	0	0	0	786	0	0	0	738	0	0	0	0	0	0	0	0	1032	0	0	0	0	0	0	0	0	0	0	0	0	0	0	0	0	0	0	0	0	0	0	694	0	0	0	0	689	0	0	0	0	0	0	0	0	0	0	723	0	0	0	0	0	0	0	0	0	0	1133	0	0	0	0	0	0	0	0	937	0	0	0	0	1368	0	0	1278	0	0	0	0	761	0	0	0	0	0	0	0	1358	
0	0	1393	0	0	0	0	0	1019	0	0	0	0	0	0	0	0	0	0	0	0	0	0	0	0	0	0	0	0	0	0	0	0	0	0	0	0	0	0	601	986	0	0	0	0	0	0	0	0	0	0	0	0	0	0	0	0	0	0	0	0	0	0	0	1197	0	0	0	0	0	0	0	0	0	1303	0	1134	0	0	0	0	0	0	0	0	0	0	0	0	0	0	0	0	0	0	0	0	0	0	0	
588	0	0	0	0	0	0	1435	0	0	0	0	0	880	0	0	0	0	0	0	0	0	0	1404	0	0	0	0	577	0	0	0	0	0	0	0	610	1366	0	0	0	0	0	0	1400	0	0	0	546	0	0	0	0	1346	0	0	1174	0	0	0	0	0	0	0	0	0	0	1198	0	0	1393	0	0	0	571	1185	0	0	0	0	0	0	0	0	0	0	0	0	0	0	0	0	1079	0	0	0	0	0	0	0	
0	0	0	0	0	0	0	0	0	0	0	0	0	0	0	0	0	0	696	0	0	0	0	0	0	943	813	0	0	0	0	0	0	0	0	0	0	0	0	0	563	0	0	0	0	0	0	0	0	0	0	0	0	0	0	0	0	0	0	0	0	0	0	0	0	0	0	0	0	0	0	0	0	0	1356	725	0	0	1381	0	0	0	0	0	0	0	0	0	0	0	0	834	0	0	0	0	0	0	0	0	
0	0	1363	0	0	0	777	0	0	0	0	0	0	0	0	0	0	0	0	758	0	1076	0	0	0	0	0	568	0	0	0	0	0	0	0	0	0	0	0	0	0	0	0	1058	0	846	0	0	0	740	0	0	884	0	0	0	0	0	0	0	0	0	0	0	0	0	0	930	0	0	0	0	0	0	0	0	0	0	0	0	0	0	0	0	0	0	0	0	0	0	0	0	0	0	0	0	0	0	0	0	
0	0	0	964	0	0	0	0	0	961	0	0	0	0	0	0	0	0	0	0	0	0	0	920	0	0	0	0	0	0	0	0	516	0	1010	1246	0	0	0	0	0	973	0	0	0	0	882	0	0	0	0	0	0	0	0	0	0	0	0	0	0	0	0	0	0	0	0	0	0	0	0	0	0	0	0	0	0	0	0	0	0	0	0	0	0	0	0	0	0	0	0	0	0	0	0	858	0	847	1106	0	
0	0	0	0	0	0	0	0	0	0	0	0	0	0	0	0	0	0	0	0	1041	0	1000	0	0	0	0	1495	0	0	689	0	0	0	0	0	0	0	0	0	0	0	0	0	0	0	0	0	0	0	0	0	0	0	0	0	0	0	0	0	0	0	814	0	0	670	887	0	0	0	0	0	0	0	513	0	0	0	0	0	0	1188	0	0	0	0	0	0	0	0	0	0	0	0	0	0	0	0	952	0	
0	919	0	0	0	0	0	0	0	0	797	0	0	0	0	0	0	0	0	0	0	0	0	0	0	0	0	1413	0	0	0	0	1185	0	0	0	0	0	0	0	0	0	0	0	736	0	0	0	0	0	0	0	0	0	0	0	0	0	0	0	0	0	693	0	0	1499	0	0	0	0	0	0	0	0	0	0	0	0	0	0	0	0	0	1348	0	0	1360	0	0	756	0	0	0	0	0	0	0	0	800	0	
0	0	0	697	0	0	524	0	0	0	0	0	0	0	0	0	0	0	0	0	0	0	0	0	0	0	0	0	939	0	0	667	0	0	0	0	1103	0	0	0	0	0	1021	0	0	0	0	0	0	0	0	0	0	0	0	0	0	535	0	0	0	0	1184	0	1058	0	0	0	0	0	0	0	0	0	0	1301	0	0	0	0	0	0	0	1184	0	0	0	0	0	0	0	0	0	0	0	0	929	0	0	0	
0	0	0	0	0	0	0	0	0	0	0	0	0	0	0	0	0	0	0	0	0	0	623	674	0	0	0	0	0	0	997	0	0	0	0	0	555	0	0	0	0	0	0	0	881	944	897	0	0	0	0	0	0	0	0	0	0	0	0	0	0	0	0	0	0	0	0	0	0	584	0	0	0	585	0	0	0	0	0	1198	0	0	0	0	0	0	0	0	1334	625	685	0	0	0	0	0	0	1147	0	1440	
0	0	0	0	0	825	0	0	0	793	0	0	780	0	0	0	0	0	0	0	0	0	0	0	0	0	1076	0	0	0	626	0	0	0	0	0	0	0	0	926	0	0	715	0	0	0	0	0	0	0	0	0	0	0	0	0	0	0	0	0	0	0	1127	949	0	0	0	0	0	0	943	0	0	0	0	0	0	0	0	0	0	0	0	0	0	0	0	0	0	0	1152	0	1188	0	0	0	0	0	836	0	
0	0	0	0	0	0	0	0	0	0	0	0	0	0	0	0	0	0	0	0	0	0	1426	0	0	0	0	0	0	0	0	0	0	0	0	0	0	0	0	0	0	0	0	0	0	0	526	0	1237	0	0	0	0	0	0	0	0	0	0	0	0	0	0	0	0	0	0	0	0	0	0	0	0	0	0	0	0	0	0	0	0	0	0	0	0	0	0	0	710	0	1131	0	0	0	0	0	0	0	0	0	
0	0	0	0	0	0	0	0	0	0	0	0	1239	0	0	0	0	0	0	0	0	0	0	0	581	0	0	0	0	0	0	0	0	0	0	0	0	0	0	0	0	0	0	0	709	0	0	0	0	0	1032	0	0	0	0	0	0	1367	0	0	0	0	0	0	0	0	0	0	0	0	0	0	0	0	1068	0	0	0	0	0	0	0	0	0	0	0	0	519	0	0	569	578	0	0	0	0	0	0	0	1176	
0	0	0	0	0	0	0	0	0	0	0	0	0	780	729	0	0	0	0	0	0	0	0	0	0	0	0	0	0	0	1400	0	0	0	0	0	0	0	0	0	0	0	0	0	0	0	962	0	0	0	0	0	0	0	1278	0	676	0	722	0	0	0	0	0	0	0	0	0	0	0	1272	0	0	0	0	1005	0	0	0	0	0	0	0	0	0	0	0	0	0	0	0	826	0	0	828	0	0	0	581	0	
0	0	0	0	0	0	0	0	1303	0	0	0	0	0	0	0	0	0	0	0	0	0	0	0	0	0	0	0	0	0	0	0	0	0	0	0	0	0	0	0	932	0	0	0	0	0	0	0	0	0	0	0	0	0	0	0	726	0	0	0	0	0	0	0	0	0	0	1343	0	811	0	0	0	0	0	0	0	1257	0	0	1026	0	0	0	0	0	0	0	1034	0	640	0	0	0	0	0	0	0	0	0	
0	0	0	682	0	0	0	554	0	0	548	0	0	0	0	0	0	0	0	0	715	0	0	0	0	0	0	1388	0	0	0	0	0	0	0	0	0	0	0	0	0	0	0	0	0	638	0	0	0	0	0	0	0	0	0	0	0	869	0	0	0	0	0	0	0	0	1385	0	0	0	0	0	0	0	0	0	0	0	730	1049	0	0	0	0	0	0	0	0	0	0	0	0	0	754	0	1376	1023	0	0	0	
0	0	0	1245	0	636	0	0	0	0	0	0	0	0	0	0	0	0	0	0	0	0	0	0	0	0	0	0	0	0	0	0	0	561	0	1491	803	0	0	0	0	0	0	0	0	0	0	0	0	0	0	0	0	0	1133	0	0	0	0	537	0	0	0	0	0	0	0	0	0	0	0	0	0	0	0	0	0	0	0	0	0	0	0	0	0	0	983	0	0	0	0	0	0	0	0	0	0	0	0	954	
0	0	929	0	0	0	0	558	0	0	0	0	0	0	0	0	0	0	0	0	0	0	0	0	0	0	0	0	863	0	0	0	0	0	0	0	0	0	0	0	0	0	0	0	0	0	0	0	0	0	0	1020	0	0	0	0	0	916	0	1224	0	0	0	0	0	0	0	0	0	0	0	0	0	0	0	533	0	0	0	0	0	0	913	1169	0	1325	0	0	0	0	0	0	0	0	989	0	653	0	0	0	
0	760	0	0	0	0	0	1311	0	0	0	0	1366	0	0	0	0	0	992	0	505	0	0	0	0	0	0	0	0	0	0	0	0	802	876	0	0	0	0	0	0	0	0	0	0	0	0	0	0	0	601	0	0	0	549	1006	0	0	0	0	0	0	0	0	0	1080	0	0	1407	969	0	0	0	0	0	0	0	0	0	0	0	0	813	0	0	0	0	0	0	0	0	0	0	1349	0	0	1255	1170	0	0	
0	0	748	0	0	0	0	1165	0	0	0	0	0	1009	0	0	0	0	0	843	0	593	0	0	0	0	0	0	0	0	0	0	886	0	0	0	0	0	0	0	0	1259	0	0	0	0	0	0	506	0	0	1094	0	0	0	0	0	0	1494	0	0	0	0	0	0	0	0	0	0	0	0	0	0	0	0	0	0	0	0	0	0	0	0	0	0	0	0	0	0	0	0	0	0	0	0	0	0	0	912	0	
0	0	0	700	862	0	0	1073	0	0	0	0	0	0	0	0	0	0	0	0	0	0	0	0	0	0	0	0	905	0	0	0	0	0	505	0	0	0	605	0	0	0	0	0	0	817	561	0	823	0	0	0	0	0	859	0	0	0	0	0	0	0	0	0	0	0	0	0	0	0	0	0	0	0	0	0	0	0	0	0	687	0	0	0	0	0	0	0	0	0	0	0	1017	0	0	0	0	0	0	0	
0	0	0	0	0	0	0	0	0	0	0	0	0	0	0	0	0	0	0	0	0	0	0	0	0	0	0	0	0	0	989	0	0	0	0	0	0	1004	0	0	0	0	0	0	0	0	0	0	0	0	1023	0	0	0	0	0	0	0	0	0	0	0	0	0	0	0	0	0	0	0	0	0	0	0	0	0	0	0	0	0	0	0	0	0	0	1497	0	0	0	0	0	0	0	0	0	0	0	0	0	0	
0	0	0	0	1449	0	0	0	0	0	0	0	0	0	0	0	0	0	654	0	0	0	0	0	0	0	0	0	0	0	0	1445	0	1100	0	0	0	0	0	0	0	0	0	0	1035	0	0	0	0	0	0	0	0	0	0	0	0	536	0	0	0	0	0	0	0	0	0	0	0	0	0	0	0	0	0	0	0	0	0	0	0	0	0	0	0	0	0	0	517	0	0	0	0	0	0	0	0	1118	0	911	
0	0	0	0	0	0	0	0	817	0	0	0	0	0	0	0	709	0	0	0	0	0	0	0	0	0	0	0	0	0	0	0	0	0	0	0	0	0	0	694	0	0	678	0	0	0	0	0	0	0	0	0	0	0	0	0	0	0	795	1385	0	0	0	0	0	552	870	1306	1051	0	0	0	0	0	0	0	1071	0	0	0	0	1153	0	0	0	0	0	0	0	0	0	0	0	0	0	1329	0	0	0	0	
0	0	0	0	0	0	0	0	0	0	0	0	0	0	0	0	0	0	0	0	0	0	0	720	0	0	0	1455	0	0	0	0	0	0	0	0	0	0	0	0	0	0	0	0	0	0	1417	0	0	0	0	0	0	0	0	0	0	0	0	0	0	0	759	0	0	0	0	0	0	0	0	0	0	0	0	0	0	0	0	1191	0	0	1038	0	0	0	1208	0	0	1071	0	0	0	0	0	0	0	0	0	0	
0	0	0	0	0	0	0	0	0	0	0	0	0	0	0	0	0	0	0	0	0	0	0	0	0	0	0	0	0	0	0	0	0	0	0	0	0	0	0	0	0	0	580	0	0	0	1352	0	0	0	0	0	0	0	0	0	0	0	985	0	0	0	0	0	1028	0	598	1303	0	0	0	0	0	0	991	1022	0	748	0	0	0	0	0	910	0	0	0	0	0	0	610	0	0	0	0	0	0	0	0	0	
0	0	0	0	0	0	1009	0	0	0	507	0	0	0	0	0	0	0	778	0	0	0	0	0	0	0	0	0	1204	0	0	0	0	0	0	500	0	0	0	542	0	0	0	0	0	0	814	0	0	0	0	0	0	0	0	0	0	0	0	0	0	0	0	0	0	0	0	1168	0	0	0	0	0	0	0	0	0	0	0	0	0	0	0	0	0	0	0	0	0	0	0	0	0	0	0	0	0	554	1096	0	
0	0	0	0	0	0	0	0	0	0	0	0	0	0	0	0	0	0	0	0	0	0	0	1090	0	0	0	0	0	0	0	0	0	0	0	0	1355	0	0	0	1300	1199	0	0	0	0	0	0	0	0	0	0	0	0	0	0	0	0	0	0	0	0	0	0	0	0	0	636	0	0	0	0	0	0	0	0	0	0	0	0	0	0	0	0	0	0	0	0	0	0	752	0	0	0	0	0	0	0	0	1124	
1188	0	0	0	0	0	0	0	0	0	0	0	0	0	0	0	0	0	0	0	0	0	0	0	0	0	0	0	0	0	0	0	0	0	0	0	0	0	0	0	0	0	0	1226	0	0	0	0	0	0	0	0	0	0	0	0	0	0	0	0	0	0	0	0	0	1131	0	0	979	0	0	0	0	0	0	0	0	0	0	1192	0	0	0	514	0	1063	0	0	870	663	1242	0	930	1245	0	0	0	0	0	0	
0	0	0	0	0	0	0	0	0	0	0	0	0	0	0	0	740	0	0	0	0	0	0	0	0	0	0	0	0	0	0	0	0	0	734	0	0	1118	0	0	0	0	0	0	0	0	0	0	0	0	0	0	0	0	0	0	0	0	0	0	0	0	0	0	0	1397	0	0	0	0	0	0	0	0	0	0	0	0	0	548	0	0	0	0	0	0	0	619	0	0	0	0	0	1122	0	0	0	0	0	533	
0	0	1068	0	0	0	0	0	0	0	0	0	0	0	0	0	0	0	0	0	0	0	0	0	0	0	0	0	0	0	0	0	0	0	0	0	0	0	0	0	0	0	0	0	0	0	0	0	0	866	0	0	0	0	0	0	1039	0	0	0	0	0	0	0	0	0	0	0	0	0	0	0	0	0	0	0	0	0	0	0	0	0	0	0	0	0	0	1033	0	0	0	0	0	677	0	0	1144	0	0	1260	
0	0	0	0	0	0	0	0	0	0	815	0	0	0	0	0	0	1193	0	0	0	0	980	0	0	0	0	0	0	0	0	0	0	825	0	0	0	0	0	0	0	1281	0	0	1223	0	0	0	0	0	0	524	0	0	0	0	0	0	0	0	0	0	0	0	0	0	520	0	0	0	0	0	0	0	0	0	0	0	0	0	0	0	0	0	0	0	0	0	0	0	0	0	0	0	1427	0	0	0	0	0	
0	0	0	0	0	0	0	0	0	0	0	0	0	0	0	0	0	0	0	0	0	0	0	0	0	0	0	0	0	0	0	0	0	0	0	0	0	0	0	1294	0	0	0	0	0	0	0	0	0	0	0	0	0	0	0	0	0	0	988	0	0	0	0	0	0	0	1360	1218	0	0	0	0	0	0	0	600	1469	0	0	0	0	0	0	0	0	0	0	0	1281	0	0	0	0	0	0	0	0	0	0	0	
0	0	0	0	0	0	0	0	0	0	0	0	1271	0	0	839	0	0	0	0	1151	0	0	0	0	0	808	0	0	0	0	0	0	0	0	0	0	0	0	0	0	0	892	0	1198	0	0	0	1482	0	0	0	0	0	0	0	1334	533	0	0	0	0	0	0	0	1192	0	0	1081	0	0	0	0	0	854	0	0	0	0	0	0	0	0	1197	0	0	0	0	0	0	0	0	984	0	0	0	0	0	0	0	
0	0	0	0	0	960	0	0	0	717	0	0	0	0	0	0	910	0	0	0	0	0	0	0	0	0	0	0	0	0	1288	0	0	0	0	0	0	0	0	0	0	0	0	0	0	0	0	0	0	0	0	0	0	756	0	0	0	0	0	0	0	0	0	0	0	0	0	0	0	0	0	0	865	743	0	0	925	0	0	0	0	0	0	0	0	0	0	0	0	0	0	0	0	0	0	0	0	0	0	0	
0	0	0	0	0	0	0	0	0	0	0	818	761	0	1206	0	0	0	1392	0	0	0	0	0	0	0	0	0	0	0	1172	1060	0	595	0	0	0	0	0	0	0	0	0	0	0	0	0	0	0	0	0	1191	0	0	0	0	0	0	0	0	0	0	0	0	0	0	0	0	0	0	0	0	0	0	881	0	0	0	0	0	0	0	684	0	1416	0	0	0	0	0	0	0	0	0	0	1332	0	0	0	0	
611	1303	0	0	644	0	0	0	0	0	0	0	0	0	0	1173	0	0	0	0	0	0	725	0	0	0	0	0	908	0	0	0	0	0	0	0	0	0	0	0	0	0	0	0	0	0	0	0	0	0	0	0	0	0	0	0	1113	686	0	612	0	0	0	0	0	0	0	0	0	0	0	0	0	0	0	828	0	0	0	0	0	0	0	0	0	0	0	0	0	0	0	0	0	0	0	0	0	0	0	0	
0	0	0	0	0	0	0	0	0	0	0	0	0	0	0	0	0	0	0	0	0	0	912	0	0	0	0	0	0	0	0	0	0	0	0	0	0	0	0	0	0	0	890	0	0	0	0	0	0	0	0	0	0	0	0	683	0	0	0	0	0	0	0	0	0	0	0	0	0	0	0	0	1155	0	0	0	0	0	0	0	0	0	0	0	0	1322	0	1017	0	0	0	0	0	0	0	0	0	0	0	765	
0	0	0	0	1270	0	833	0	0	0	0	0	1479	0	0	0	0	0	0	0	0	0	0	0	0	0	0	567	0	0	0	0	0	0	856	0	0	0	0	0	0	0	0	1275	0	0	0	0	1233	0	0	0	0	0	0	0	0	0	0	0	0	0	0	0	0	743	0	0	0	0	0	0	0	0	0	0	0	621	0	0	0	0	0	0	0	1374	967	0	0	0	0	0	0	0	0	1213	0	0	0	0	
0	0	689	0	0	1157	0	0	0	0	0	0	0	0	0	0	0	0	0	0	0	0	0	0	0	0	0	0	0	0	0	0	0	0	0	0	0	1053	0	0	0	0	0	0	0	0	0	0	0	0	0	0	0	0	0	0	0	0	0	0	0	0	0	0	0	0	0	0	0	0	0	0	0	0	0	0	0	0	0	0	0	0	0	0	0	0	0	0	0	0	0	831	0	0	0	0	0	0	0	0	
0	0	0	0	0	0	0	1332	0	0	0	0	0	0	0	0	0	0	0	0	0	0	0	0	0	0	0	0	0	0	0	0	0	0	0	0	0	0	0	0	0	0	0	0	0	0	0	0	0	0	0	0	0	1403	0	0	0	0	0	0	0	0	0	0	803	0	0	0	0	0	0	0	1306	0	0	0	0	0	0	752	0	980	0	0	0	0	0	0	0	0	0	1013	529	0	0	0	0	1404	0	0	
0	0	0	0	860	612	1486	0	0	0	0	704	0	0	0	0	0	0	0	0	0	0	0	0	0	0	0	1038	0	0	0	0	0	0	0	0	1117	0	0	0	0	0	0	0	0	0	0	0	0	0	0	0	1433	0	0	0	1349	0	0	0	1453	0	0	0	928	0	744	0	0	0	1179	0	0	0	0	0	0	0	0	0	0	0	0	0	0	0	0	0	0	0	0	0	0	0	0	0	0	0	0	0	
0	0	0	0	0	0	0	0	0	0	0	0	0	0	0	0	0	0	0	935	0	0	0	0	837	0	0	0	0	0	0	0	616	0	0	0	0	0	0	0	0	0	0	0	0	0	0	1142	0	0	0	0	0	0	0	0	0	0	0	0	0	0	0	0	0	0	0	0	0	0	0	0	0	0	0	0	0	0	0	0	1167	0	0	668	0	0	0	0	0	0	0	0	0	0	0	0	686	0	0	0	
0	0	0	0	0	0	0	0	0	0	1156	0	0	0	0	0	0	0	0	0	0	0	0	941	0	0	0	0	0	0	917	0	540	0	0	0	0	0	0	0	0	0	0	0	0	0	0	0	0	0	0	0	0	0	0	0	0	0	0	0	0	0	0	0	0	0	916	0	0	0	0	0	0	1343	0	0	0	0	0	1029	0	0	0	0	0	0	0	0	0	0	0	0	0	0	0	0	0	0	0	0	
908	0	0	0	0	0	0	0	0	0	0	0	0	0	0	0	0	0	0	0	0	0	0	0	0	0	0	0	0	1354	0	1222	0	0	0	0	0	0	1198	0	859	0	0	0	0	0	0	0	0	0	0	0	0	1081	0	0	0	0	538	0	0	0	0	0	1289	0	0	0	0	0	0	0	0	0	0	0	0	0	0	0	0	0	0	0	0	0	0	0	0	0	0	0	0	0	0	0	0	0	0	0	
0	0	573	0	0	0	0	0	0	0	0	0	0	0	0	0	0	0	0	0	0	0	0	0	0	0	0	0	0	0	821	0	0	0	0	0	1481	0	0	0	0	0	0	0	0	0	0	0	0	0	976	0	0	0	0	0	927	0	0	0	0	0	0	0	0	0	0	0	0	0	1461	0	0	0	0	0	0	0	0	1085	0	0	1339	0	1421	0	0	0	0	0	0	0	0	0	0	0	675	0	0	0	
0	0	0	0	0	0	0	0	0	0	594	0	0	0	0	0	0	0	0	656	0	0	0	0	0	0	0	0	0	0	0	0	0	0	0	0	0	0	0	0	0	0	0	0	0	0	0	0	0	0	0	0	0	0	0	0	0	0	0	0	0	0	0	0	0	0	0	0	0	0	0	859	957	0	0	0	0	0	0	0	0	0	0	0	0	0	0	0	0	0	0	0	0	0	0	0	0	0	0	0	
0	0	0	0	0	0	0	0	0	0	0	0	0	0	0	0	584	0	0	0	778	0	0	0	0	0	0	0	1231	0	0	0	0	0	0	0	0	0	0	0	0	0	0	0	0	0	0	0	0	0	0	0	0	875	0	0	0	0	0	0	0	0	0	0	0	1365	0	0	0	0	0	0	0	0	0	0	0	0	0	0	0	0	0	0	0	561	0	0	0	0	0	0	0	0	0	0	0	0	0	1191	
0	0	1081	0	0	0	0	0	0	0	0	0	0	0	0	0	0	0	0	0	782	0	0	0	0	794	1324	0	0	0	0	0	0	0	0	0	0	0	0	0	0	0	0	792	0	0	0	0	0	0	0	0	0	0	1077	0	0	0	0	0	0	0	0	0	0	0	0	0	0	0	0	0	0	0	0	0	0	0	0	0	0	0	0	0	1149	0	0	0	0	1062	0	0	0	0	0	0	0	0	0	0	
0	0	0	0	0	0	0	0	0	0	0	0	0	0	1253	0	0	0	0	0	0	0	0	0	0	0	0	0	0	0	1320	1047	0	0	0	0	0	0	0	0	0	0	0	0	0	0	0	0	0	0	0	0	0	0	0	0	0	0	0	0	0	0	0	0	0	0	0	0	0	0	0	0	0	0	0	0	0	0	0	0	0	0	0	0	0	0	804	0	0	0	0	0	0	0	0	0	1448	0	0	0	
0	547	0	0	0	0	0	0	0	0	1309	0	0	0	0	0	0	0	0	0	0	0	0	0	0	0	812	0	0	0	0	0	0	1203	0	0	0	0	0	0	0	0	0	0	0	0	532	869	0	0	0	0	0	0	0	0	0	0	1135	0	0	0	1226	0	0	0	0	0	0	789	813	0	0	0	0	0	0	0	0	0	1130	0	0	1204	0	0	0	904	0	0	0	0	0	0	0	0	0	0	0	0	
0	0	0	0	686	0	0	0	0	1077	0	0	0	0	0	0	0	0	0	0	0	0	0	0	0	0	0	1371	0	0	0	0	0	0	0	0	0	0	0	0	0	0	0	0	0	0	0	0	0	0	0	0	953	510	0	0	0	0	0	0	0	0	0	0	0	0	0	0	0	0	0	0	0	0	0	0	730	0	0	0	0	0	0	0	1119	0	0	0	0	0	0	0	0	0	1329	0	0	0	0	0	
1453	0	0	0	0	0	0	0	0	1018	0	0	0	0	0	0	0	0	0	0	0	0	0	0	0	1226	0	0	554	0	0	0	0	0	0	0	0	0	0	0	0	0	0	0	694	0	0	0	0	0	0	1177	0	0	1387	0	0	0	0	0	0	0	0	0	0	0	0	0	0	0	0	0	0	0	0	0	0	0	0	0	0	0	0	0	0	0	0	0	0	0	0	1007	0	0	0	876	0	0	0	0	
0	0	0	0	0	0	0	0	0	0	0	0	0	0	0	0	0	0	1276	0	0	0	0	0	0	0	1136	0	0	0	1355	1045	0	0	0	0	0	0	0	0	0	0	803	0	0	1267	0	1231	0	0	0	777	0	0	0	0	0	0	0	0	0	0	0	0	0	0	0	0	0	0	0	538	0	0	0	620	0	0	0	0	0	992	0	0	0	0	0	0	0	1440	0	0	0	0	0	1307	0	0	0	0	
0	0	0	0	0	0	0	0	0	0	0	669	0	0	0	0	1491	0	0	0	0	0	0	0	0	0	0	0	0	0	0	0	0	0	0	0	0	0	0	923	0	0	0	1139	0	0	0	0	0	0	0	0	0	0	0	0	0	1217	1273	0	0	0	0	0	0	0	0	0	0	0	0	0	0	0	0	0	0	0	0	0	0	1160	0	0	0	0	0	0	0	0	0	0	0	0	0	0	0	0	0	0	
0	0	0	0	0	0	0	0	0	0	0	0	0	0	0	0	0	1137	0	0	0	0	0	0	1118	0	0	0	0	0	0	0	0	0	0	0	0	0	1471	0	0	0	0	0	0	862	0	1066	0	0	0	0	0	0	0	0	0	0	0	0	0	0	0	0	788	0	0	0	0	0	0	0	0	0	0	0	0	0	0	0	0	0	0	0	0	0	0	0	1059	0	0	0	0	0	0	678	0	0	0	0	
664	0	0	0	0	0	0	0	0	0	0	760	0	0	0	0	0	0	0	0	0	0	0	0	1182	0	0	0	0	0	0	0	0	0	0	0	0	0	0	0	0	0	0	0	0	0	0	0	0	0	0	0	0	0	0	0	0	0	0	0	0	0	0	0	0	1039	0	0	0	0	0	0	0	0	0	568	0	0	0	0	0	0	0	0	0	0	0	0	0	0	0	0	0	0	0	0	1035	0	0	0	
0	0	0	0	0	0	0	0	0	0	0	0	0	0	0	1144	0	0	0	0	0	0	0	0	0	0	0	0	1034	0	0	0	0	0	0	0	0	0	0	0	0	0	0	0	0	888	0	0	0	0	0	0	0	0	0	0	0	0	0	0	0	0	0	0	0	503	0	0	0	618	0	0	1201	0	0	0	762	0	0	0	1034	0	0	0	0	0	0	0	0	0	0	0	0	0	0	619	0	0	0	0	
0	0	0	825	0	0	0	0	1367	0	0	0	0	0	1392	0	0	0	0	0	0	0	0	0	637	0	0	0	0	0	0	0	0	0	0	0	0	0	0	0	0	0	0	1157	0	0	0	0	0	0	0	0	0	0	0	0	0	0	0	0	817	0	0	0	0	0	0	0	0	0	0	0	0	0	0	0	0	1015	0	0	1400	0	0	0	0	0	0	0	1396	0	0	839	0	0	0	0	0	0	1298	0	
0	0	0	908	0	0	0	0	0	0	0	0	0	0	0	0	0	0	0	0	0	0	0	0	0	0	0	560	0	0	0	0	0	0	0	1060	0	0	0	0	0	0	1458	0	0	0	0	0	0	0	0	0	0	0	0	0	1231	0	0	0	0	0	0	0	0	0	0	1189	0	0	808	1313	1105	0	0	0	509	0	0	1329	0	0	0	0	0	1317	0	0	0	0	0	0	0	0	0	0	0	0	0	0	
0	0	0	0	0	0	0	0	1150	1488	0	0	1318	0	846	0	0	0	0	0	0	0	0	0	0	0	0	0	0	0	0	0	0	0	1264	0	1144	0	0	0	0	0	0	0	0	0	0	0	0	0	0	0	0	0	0	0	0	0	0	1318	0	0	0	0	0	0	0	0	0	0	0	0	0	0	0	0	0	0	0	0	0	0	0	753	0	0	0	0	581	0	0	0	0	0	0	0	0	0	0	0	
0	0	0	0	0	0	0	0	0	0	766	0	0	0	0	0	0	0	0	0	0	0	0	0	1483	0	0	0	0	0	0	0	0	0	0	0	0	913	0	0	0	881	1448	0	1470	0	0	0	0	0	0	0	0	0	0	0	0	0	0	0	669	0	0	0	0	0	0	0	0	0	0	0	0	1230	0	0	0	0	0	0	0	0	0	0	0	0	0	0	0	0	0	0	0	0	0	0	0	759	0	0	
0	0	0	0	0	0	0	0	0	0	0	0	0	0	0	0	0	0	0	0	0	0	0	0	1406	0	0	0	0	0	1149	0	0	0	0	0	925	0	0	1446	0	0	0	0	0	0	0	0	0	0	0	0	0	0	0	0	0	0	0	0	1307	1326	0	0	0	0	0	0	0	0	0	0	0	0	0	0	0	0	0	0	614	0	0	0	0	0	0	0	0	1046	0	1313	0	0	0	1060	0	0	0	0	
0	0	0	1498	0	0	0	0	0	0	0	0	0	0	0	1078	0	0	0	0	0	0	679	0	0	0	1177	0	0	0	0	0	651	0	0	0	0	0	0	906	0	0	1262	0	0	0	0	0	0	0	750	0	0	0	0	0	0	0	0	0	0	0	0	0	0	578	0	0	0	0	0	0	0	0	0	0	0	0	0	0	0	0	0	0	0	0	0	0	0	0	1315	0	0	0	0	0	0	0	0	0	
0	0	0	0	0	0	1236	0	0	0	0	590	0	0	0	0	0	0	0	900	1405	850	0	0	0	0	0	0	0	861	0	0	0	746	0	0	0	0	0	0	960	0	0	596	0	0	0	0	0	0	0	0	0	0	0	0	0	0	0	0	0	0	0	0	1232	0	0	986	0	0	0	0	0	0	0	0	0	0	0	0	0	0	0	0	0	1184	0	0	0	0	0	0	0	0	0	0	0	0	0	0	
0	0	0	0	0	0	0	0	0	0	1171	1355	0	0	0	0	0	0	0	0	0	0	0	0	0	0	0	0	0	0	1029	0	0	0	0	0	0	0	0	0	0	0	0	0	0	0	0	775	0	0	0	0	0	0	0	0	1295	0	0	0	0	0	0	0	0	542	0	1263	0	0	0	0	0	0	0	0	0	0	690	0	0	0	0	947	0	0	1299	0	0	0	0	0	0	0	0	0	0	0	0	0	
0	0	0	0	0	1342	0	0	0	545	0	0	0	0	0	0	0	0	0	0	0	0	0	0	0	0	0	0	0	0	733	0	0	0	0	0	0	0	1073	0	0	0	0	0	0	1241	0	0	0	0	551	0	0	0	0	0	0	0	1271	0	0	0	922	0	0	0	0	0	0	0	0	0	0	0	0	0	0	0	0	0	0	0	0	0	680	0	0	0	0	0	0	0	0	0	0	0	0	0	0	0	
0	0	0	0	0	0	0	0	0	0	0	0	0	0	0	0	0	0	0	0	0	0	0	0	0	0	548	1373	913	0	0	0	0	0	0	0	0	1101	0	0	0	0	0	0	0	0	0	0	753	0	517	0	0	1101	0	0	0	0	0	0	0	0	0	0	0	0	0	0	0	0	0	0	0	0	0	726	0	1288	0	0	0	0	0	0	688	0	0	0	0	0	0	0	0	0	0	0	0	689	0	0	
1080	0	0	0	0	0	0	0	0	1354	0	0	0	0	0	0	0	0	0	0	0	0	0	0	0	0	0	1493	0	0	1230	0	0	0	0	0	0	0	0	0	0	0	0	0	0	0	0	870	0	0	0	0	0	0	0	0	0	0	0	0	0	0	0	0	0	0	0	0	0	0	0	0	0	0	0	0	0	0	0	0	0	0	778	0	0	0	0	0	0	0	0	0	0	0	0	0	0	0	0	0	
