100
0	0	960	0	0	0	0	0	0	0	0	0	0	0	0	757	0	0	0	0	0	0	1494	0	0	0	0	0	0	0	0	0	0	0	0	0	0	0	1074	0	0	0	0	0	1455	0	0	0	0	505	0	840	0	509	0	0	0	0	0	0	0	0	0	0	0	0	0	0	0	0	0	0	0	0	0	0	0	0	0	1388	0	0	0	0	1033	0	0	0	0	0	0	0	0	0	0	0	0	0	0	0	
0	0	0	0	0	0	0	0	0	1036	0	0	0	0	0	612	0	0	0	0	0	0	0	0	0	0	0	0	0	0	0	0	0	0	0	0	0	1126	0	0	1364	0	0	0	0	0	0	0	0	0	0	0	0	0	0	0	0	0	0	0	0	0	0	561	0	0	0	0	641	0	0	0	0	0	0	0	0	0	0	0	1264	0	0	0	0	654	0	0	0	0	0	677	0	0	0	0	0	0	0	0	
0	0	0	1369	0	0	0	742	0	0	0	0	0	0	0	0	0	0	0	0	0	880	0	1400	0	0	0	0	0	0	0	0	0	0	0	1047	0	0	0	0	0	0	0	0	0	0	0	0	0	0	0	694	0	0	0	0	0	0	0	0	0	0	0	0	0	1396	681	0	0	0	1190	0	0	0	0	857	0	0	0	0	0	690	0	0	0	0	0	567	0	0	0	998	0	0	0	0	0	0	0	0	
0	0	1337	0	0	0	0	0	0	0	0	0	0	0	0	0	0	0	0	0	881	0	0	0	0	0	1380	0	0	0	1234	0	0	0	0	0	0	1223	0	0	0	0	0	0	0	0	0	0	0	0	0	0	0	743	0	0	0	0	0	0	0	0	0	0	0	0	0	0	0	1124	0	0	0	0	0	0	0	0	588	0	0	0	0	0	0	0	0	1181	0	0	0	0	0	0	0	0	0	0	0	0	
0	0	0	0	0	0	0	0	0	0	0	0	0	0	0	1034	788	0	0	922	0	0	0	0	0	0	0	0	0	0	0	0	0	0	0	0	0	0	0	0	0	932	0	0	0	0	0	0	0	1048	0	0	0	0	0	0	0	0	0	875	0	0	0	0	0	1216	0	0	0	604	0	0	1083	0	0	0	0	0	0	0	0	0	0	0	0	785	0	0	0	0	577	0	0	0	0	0	0	0	1037	0	
0	0	0	0	0	0	0	0	0	0	0	0	0	0	816	0	0	1449	0	0	0	0	0	566	0	0	1419	0	0	0	0	0	0	0	0	0	0	1375	0	1110	1051	0	0	0	0	1304	0	0	0	1401	0	0	0	0	0	526	0	0	0	0	0	0	742	613	0	0	0	0	0	0	0	0	0	0	0	0	552	0	0	992	0	0	0	0	0	0	0	0	1459	0	0	1075	0	0	0	0	0	0	0	0	
0	0	0	0	0	0	0	0	0	0	0	0	0	0	0	0	0	0	0	0	0	0	0	0	0	0	0	0	0	0	0	0	0	0	0	0	832	0	0	0	0	0	0	0	765	0	0	0	0	0	0	0	0	0	0	0	0	0	0	0	0	0	0	0	746	0	0	0	0	0	0	0	0	0	0	1165	0	0	0	0	0	0	0	0	0	0	0	0	0	0	0	0	0	0	0	1452	738	0	0	0	
0	0	0	603	0	1061	0	0	0	0	0	0	0	0	0	0	0	0	0	0	0	1471	0	0	0	0	0	0	0	0	0	0	0	0	1186	607	0	0	891	0	0	0	0	0	0	0	0	1433	1240	953	0	0	0	0	0	0	0	0	0	0	0	0	0	630	580	0	0	0	0	0	0	0	777	0	0	0	0	0	732	0	0	1002	0	0	1069	0	0	0	0	0	0	0	0	0	0	0	0	755	0	0	
0	0	0	0	0	1312	0	0	0	0	979	0	0	0	0	0	0	0	0	0	0	0	0	0	0	0	0	1496	0	0	0	0	0	0	0	0	0	0	0	0	0	0	0	0	0	0	0	0	0	1225	0	0	0	0	0	0	0	0	0	0	0	0	0	0	0	803	0	0	0	0	0	0	0	0	1088	0	779	0	0	0	0	0	0	0	0	0	0	0	0	0	0	1351	0	0	582	0	0	0	0	0	
0	0	0	0	0	0	570	0	0	0	0	0	0	710	0	0	0	0	0	0	0	0	0	0	0	0	0	1227	0	917	1343	0	535	0	0	616	0	0	0	0	0	0	0	0	978	0	0	675	784	0	0	0	0	0	0	0	849	0	0	0	0	0	0	0	0	875	0	0	0	0	0	0	711	0	0	0	528	0	0	0	0	0	0	0	1088	0	0	0	0	0	0	0	0	0	0	0	0	0	0	0	
0	0	0	0	0	0	0	0	0	0	0	602	0	1149	0	0	0	0	0	0	0	0	0	0	0	0	927	0	0	0	1011	0	0	504	0	0	731	0	0	0	0	1008	0	0	0	0	0	0	0	0	0	0	0	0	0	1096	0	0	0	0	0	0	1136	0	0	0	0	0	0	0	0	0	0	0	0	0	0	0	0	0	0	0	0	0	0	0	0	0	0	986	0	0	0	0	0	0	0	0	0	0	
0	0	0	0	0	0	0	0	0	0	0	0	1410	783	0	0	826	0	0	0	0	0	0	0	0	0	0	0	0	0	0	0	0	814	0	0	0	0	0	0	0	607	0	0	0	0	0	0	0	0	0	804	0	0	0	0	0	0	0	0	0	0	0	856	0	0	0	0	1137	0	0	0	0	0	0	0	1376	0	0	0	0	0	0	0	0	1245	0	0	0	0	1115	0	0	0	0	0	0	0	0	0	
0	0	1367	0	0	0	0	0	0	0	0	0	0	0	0	0	0	1167	0	0	0	0	0	0	0	0	0	0	0	0	1209	1316	0	0	1003	0	0	676	0	0	0	0	0	0	0	0	0	0	0	0	0	0	0	0	0	0	0	0	0	0	0	0	0	0	0	0	0	0	0	0	0	0	0	0	0	0	0	505	0	0	0	0	0	0	0	0	0	0	0	0	0	0	0	0	0	0	0	0	1220	0	
0	0	0	0	0	0	0	0	0	0	0	0	1133	0	0	0	0	0	0	0	0	0	0	0	0	0	0	0	0	0	0	0	0	0	0	1461	0	0	0	0	0	0	0	0	0	1111	0	0	0	0	0	1488	0	0	0	0	0	0	0	958	0	0	0	0	0	0	0	0	0	0	0	0	0	0	0	1422	0	0	0	0	0	0	0	0	0	0	0	0	0	0	0	0	0	0	0	0	0	0	0	0	
0	0	0	0	0	0	0	0	0	0	0	0	0	0	0	0	797	0	0	0	0	0	0	0	0	1162	0	0	0	0	0	0	0	0	0	0	0	0	0	0	0	0	1455	0	0	0	0	0	0	0	0	0	0	0	0	0	1004	0	0	0	0	0	0	1159	0	0	0	0	0	1086	1347	0	0	0	0	0	0	0	0	0	0	0	1182	0	0	0	0	0	0	0	0	0	0	0	0	0	1398	0	0	0	
0	1468	0	0	0	0	838	0	1065	0	0	0	0	0	0	0	0	0	0	0	0	0	0	0	0	0	0	0	0	0	1244	0	0	0	969	0	0	901	0	706	0	0	0	0	0	0	0	0	0	0	0	0	0	0	0	0	0	0	0	0	891	0	0	0	0	0	0	0	0	0	0	0	0	0	0	0	0	0	0	0	0	0	0	0	0	0	0	0	0	0	791	0	0	635	0	0	0	0	803	0	
0	0	0	0	0	0	0	0	0	0	951	0	0	0	0	0	0	0	0	0	712	0	0	0	0	0	0	0	1089	0	0	0	0	0	0	0	0	0	0	0	0	0	0	0	0	0	0	0	0	0	0	0	1282	0	0	0	0	0	0	0	0	0	0	0	0	0	0	0	0	0	0	0	0	0	0	0	0	0	0	0	1177	0	0	0	0	0	0	1221	0	1012	0	0	1234	0	1487	0	0	0	855	0	
0	0	0	0	0	0	0	0	0	0	0	0	0	0	0	1086	0	0	0	0	0	0	0	0	0	0	0	0	0	0	0	537	1019	0	0	0	0	0	0	0	0	0	0	0	0	0	0	0	0	0	0	0	0	0	0	0	0	0	0	0	0	0	0	0	0	0	0	0	0	0	0	0	0	0	0	0	0	0	0	0	0	0	0	0	0	0	0	0	0	0	0	0	0	0	0	0	0	0	0	0	
0	671	1268	0	888	0	0	0	0	0	0	981	0	0	0	0	0	0	0	0	1482	1059	0	0	0	0	0	0	0	0	0	0	0	1300	0	0	0	0	0	0	0	0	0	0	0	0	0	0	0	0	0	0	0	0	0	0	0	1065	0	0	0	0	0	0	0	0	0	0	0	0	0	0	0	0	0	1206	0	0	0	0	0	0	0	0	0	0	0	0	0	0	0	0	0	0	0	0	0	1384	0	0	
0	0	1026	0	0	0	1335	0	0	0	0	0	0	1357	0	0	0	0	0	0	0	0	0	0	0	0	0	0	0	0	542	0	0	0	0	1190	0	0	0	0	0	0	0	0	0	0	0	0	595	0	0	0	1221	0	0	0	0	613	0	0	0	0	0	0	0	0	0	0	0	0	0	0	0	0	0	0	0	0	0	0	0	993	0	0	0	1207	1117	0	0	0	0	0	0	0	0	0	918	0	0	0	
0	0	0	0	0	0	0	0	0	0	0	0	0	0	0	0	0	0	0	0	0	0	0	0	0	0	0	0	0	0	831	0	1231	0	0	0	0	0	582	0	0	0	0	0	0	0	0	0	0	0	0	0	0	0	0	0	906	926	0	0	0	0	0	922	0	0	0	0	554	0	0	0	0	1467	0	0	0	0	0	0	0	1167	0	0	0	0	0	0	0	0	0	0	906	0	0	0	1470	0	0	0	
0	0	0	0	0	0	0	0	0	0	0	0	0	0	0	0	0	0	0	0	797	0	0	0	0	0	0	0	0	0	750	0	0	0	0	0	0	744	0	0	0	0	901	0	0	0	0	0	0	0	0	0	0	0	0	0	0	0	0	0	0	0	682	0	0	500	0	0	0	0	0	1071	570	0	0	0	0	0	0	0	0	0	0	0	0	0	0	0	0	0	0	0	0	1430	0	0	0	0	0	0	
0	0	0	0	0	0	0	0	0	0	0	0	0	0	976	0	0	0	0	1046	0	1021	0	0	0	0	0	0	0	0	0	0	0	0	0	0	0	0	0	0	0	0	0	0	0	0	942	0	0	0	0	0	0	0	0	0	674	0	0	0	0	0	0	0	0	0	0	0	0	0	0	1176	733	0	0	0	0	0	0	0	0	0	0	0	0	0	593	0	0	0	0	0	0	0	0	735	0	0	0	0	
0	0	0	0	0	0	0	0	0	0	0	0	0	0	0	0	0	0	0	0	0	0	0	0	0	0	0	0	0	0	0	0	0	0	0	0	0	0	0	1035	0	0	0	0	0	514	0	0	0	0	0	0	0	0	0	0	0	0	0	0	0	0	0	0	0	0	0	0	0	0	0	0	857	0	0	0	0	0	1188	0	1202	0	0	0	729	0	0	0	0	0	0	0	0	0	0	0	0	0	0	0	
0	0	0	1162	0	573	0	0	0	0	0	0	0	1336	0	0	0	0	0	0	0	725	0	0	0	0	0	1075	0	0	0	0	0	0	0	1302	0	0	0	0	0	0	0	0	0	0	0	0	1364	0	0	0	0	0	0	0	0	0	0	0	0	0	0	0	737	0	0	0	0	0	0	0	0	1102	0	0	0	0	0	0	0	0	849	0	0	0	0	0	0	0	0	0	0	0	859	0	0	0	0	555	
0	0	0	0	682	0	0	0	0	0	1409	0	0	0	0	0	0	0	0	0	0	0	0	794	0	0	0	0	0	0	0	0	0	0	0	0	0	0	0	0	0	0	0	0	0	0	0	0	0	0	0	0	0	0	0	0	0	1145	0	1111	0	0	0	0	0	0	1143	0	0	0	884	0	0	0	0	0	0	0	0	0	0	0	0	0	0	0	0	0	0	0	0	0	0	0	971	0	0	0	0	0	
0	0	0	0	0	0	0	0	793	0	0	0	0	0	0	0	0	0	0	683	502	0	0	0	0	0	0	1018	0	0	0	0	0	0	0	0	0	0	0	1294	0	0	0	0	0	0	0	0	0	0	571	0	0	0	0	0	0	0	0	0	0	0	0	0	0	0	0	651	0	1274	0	0	0	0	0	0	0	0	0	0	0	0	0	677	0	0	0	0	0	0	0	0	0	0	0	0	0	0	0	0	
0	0	0	0	786	0	0	0	0	0	1493	0	0	0	1437	682	0	0	0	0	0	0	0	920	0	663	0	0	0	0	0	0	972	0	0	0	0	0	0	554	640	0	0	0	950	0	0	0	0	0	0	0	0	0	0	0	0	0	0	0	0	0	0	0	0	1006	0	0	0	661	0	0	0	0	0	0	0	0	722	0	0	0	0	0	0	0	0	0	0	0	0	0	0	0	0	0	0	0	0	734	
0	0	0	0	1189	0	0	0	0	0	0	0	0	879	1477	0	0	0	0	0	0	0	0	0	661	0	0	0	0	0	0	0	0	0	0	0	0	0	0	1250	0	1067	0	0	796	0	0	0	0	0	0	0	0	0	0	0	0	0	0	0	0	0	0	0	0	0	0	0	0	0	0	0	0	0	0	0	0	0	0	0	0	614	0	677	0	0	0	0	662	0	0	0	0	0	0	0	0	0	0	0	
0	0	0	0	0	0	0	0	0	0	0	0	0	0	0	0	0	0	0	0	0	0	0	0	1308	0	0	0	0	0	0	0	0	0	0	0	0	0	1097	0	0	0	0	538	0	0	0	0	0	0	0	772	0	0	0	0	0	1231	0	0	0	0	0	0	0	0	0	0	0	0	675	0	0	0	0	0	0	0	0	0	1413	0	958	0	809	0	0	0	0	0	0	0	0	0	710	0	0	0	0	923	
0	0	0	0	0	0	661	0	0	0	0	0	0	0	0	0	1294	0	0	801	0	0	0	893	0	0	0	0	0	0	0	0	0	0	0	0	0	0	0	0	951	0	0	0	0	0	0	0	0	0	0	0	0	0	0	0	0	0	0	0	0	0	0	0	0	1156	845	0	0	0	0	0	805	614	0	817	0	0	0	0	0	1151	0	0	0	0	950	0	0	0	0	0	0	0	0	0	0	0	0	0	
0	0	0	0	0	0	0	0	0	0	0	0	0	0	0	0	0	0	0	0	0	0	1195	0	0	0	540	0	0	1481	0	0	0	0	0	0	0	902	0	0	0	0	0	0	0	0	0	0	0	0	1364	798	0	0	0	842	0	0	0	0	0	0	0	0	0	0	0	0	0	933	0	0	0	0	0	0	0	0	0	0	0	0	0	576	0	0	0	0	0	0	0	0	0	0	0	659	0	0	0	0	
0	0	0	0	0	1267	0	0	1193	0	633	0	1144	0	0	0	0	0	0	0	0	0	0	1054	0	0	0	0	0	0	656	0	0	0	0	0	0	0	0	0	0	0	0	0	0	1158	0	0	0	0	0	0	0	0	0	0	0	0	0	0	0	0	0	0	0	0	672	0	0	0	0	0	0	0	0	0	1182	0	0	0	0	0	0	1198	0	0	0	0	0	0	0	0	758	0	0	1183	0	0	0	0	
0	0	0	0	0	0	0	0	0	0	0	0	0	0	0	0	0	0	0	0	0	0	0	0	860	0	0	0	0	0	0	0	0	0	0	0	0	0	0	912	0	0	0	0	0	0	0	1280	0	0	0	0	0	0	0	0	0	0	0	0	0	0	0	1068	0	0	0	0	0	0	0	0	0	0	0	0	0	0	0	0	0	0	0	0	0	0	0	0	0	0	0	0	0	752	0	0	0	0	0	0	
1091	0	0	0	0	0	1034	0	0	0	0	0	0	0	842	0	857	874	0	0	0	0	0	0	0	723	0	0	0	0	0	0	717	0	0	0	0	0	0	0	0	0	0	0	0	0	0	0	0	0	1403	0	0	0	0	0	0	0	0	0	0	0	0	0	0	0	0	0	0	0	0	0	0	0	0	0	0	0	0	0	0	0	0	0	0	0	0	0	0	0	0	0	0	0	0	0	0	0	0	0	
1028	0	0	0	0	0	0	0	0	0	0	0	0	0	0	0	0	0	0	0	1060	0	0	0	0	0	0	0	0	1015	0	0	0	0	0	0	910	0	0	0	0	0	0	0	0	0	0	0	1060	0	0	0	0	0	0	0	0	0	0	0	0	0	0	0	0	0	0	0	0	0	0	0	0	0	0	0	0	0	0	0	0	1147	0	0	0	0	774	0	0	0	0	0	0	899	0	1093	0	0	0	0	
1481	0	0	0	1074	0	0	0	0	0	0	0	0	0	0	0	0	0	0	0	0	0	0	0	0	0	0	0	0	0	0	0	0	0	0	0	0	0	0	0	0	0	0	0	0	904	0	0	0	0	0	0	0	0	0	0	0	0	767	0	0	1033	528	0	1339	0	0	0	0	0	0	1155	0	0	0	0	0	504	0	0	1424	0	0	0	0	948	0	0	0	0	0	0	0	0	0	0	0	0	882	0	
0	0	0	0	0	0	0	0	0	0	0	0	0	0	0	702	0	0	0	0	0	0	1186	0	0	0	0	0	0	0	1491	0	0	0	0	0	0	0	0	0	0	0	0	0	0	547	0	0	0	1091	0	0	0	0	849	0	0	0	0	852	0	0	0	0	0	0	1425	833	0	0	0	0	0	0	0	0	0	0	0	0	1143	0	886	0	0	0	0	1047	689	0	0	0	0	0	0	556	0	0	0	0	
0	0	0	0	1193	1060	0	0	0	0	0	1190	0	0	0	0	0	0	0	0	0	0	0	964	0	0	0	0	0	1070	0	1094	0	1398	0	1283	0	0	0	0	0	0	0	0	0	0	0	0	0	0	0	0	0	0	0	0	0	0	0	0	0	0	0	0	0	0	0	0	0	558	0	0	0	0	0	0	0	0	0	0	0	0	0	0	0	0	0	0	0	0	0	0	900	0	0	0	0	0	0	0	
0	0	1404	0	0	0	0	0	0	0	0	0	501	0	0	0	0	0	0	0	0	0	0	0	0	0	0	0	0	0	0	0	0	0	0	0	1176	0	0	0	0	0	0	0	0	0	0	0	0	1162	1350	0	0	0	0	0	0	0	0	0	0	930	0	0	0	0	0	0	0	0	0	0	888	1305	0	0	0	681	0	0	0	0	0	1259	0	0	0	0	0	0	0	0	0	1270	0	0	0	0	0	0	
0	0	0	0	0	0	1118	0	0	0	0	0	0	0	0	0	0	0	0	0	0	1460	1319	0	0	0	0	0	0	0	0	0	0	0	0	0	0	0	0	0	0	0	0	0	0	0	0	0	0	1377	0	0	0	0	0	0	0	0	0	0	0	0	0	0	0	0	0	0	0	0	0	0	0	0	1318	0	0	0	0	0	0	0	0	0	0	0	0	0	0	0	0	0	0	1031	0	0	0	0	0	0	
0	0	0	0	0	0	0	0	0	0	586	0	0	1441	0	0	0	0	1131	0	0	0	0	0	0	0	0	0	0	1045	0	0	0	0	0	0	1009	0	0	0	0	0	0	0	0	0	0	0	0	0	0	0	0	0	0	0	0	0	0	0	0	0	0	0	0	0	1046	0	0	0	0	0	0	750	0	0	0	923	0	0	0	0	931	0	0	0	0	0	1110	0	0	0	0	0	0	0	0	0	0	0	
0	0	0	0	0	1447	0	0	0	0	0	0	0	0	0	0	0	0	0	0	0	0	0	0	0	0	0	0	0	0	0	0	0	0	0	0	1483	0	0	0	0	0	0	0	0	0	0	0	0	0	0	0	0	0	0	900	0	896	0	0	0	0	0	0	0	0	0	0	0	0	744	0	0	0	0	1423	956	1155	0	0	0	0	0	0	0	0	0	0	0	0	0	0	0	0	0	0	0	0	0	0	
0	0	0	0	0	0	0	0	0	0	825	0	0	0	0	575	0	0	0	866	0	0	0	0	0	0	0	0	1268	0	0	0	0	1082	0	0	0	0	0	0	0	0	0	0	0	0	0	0	0	0	0	0	0	0	0	0	925	0	630	0	0	0	0	0	0	0	0	0	0	0	0	0	0	0	1341	0	0	1008	1125	0	1274	0	0	935	0	0	0	0	0	0	0	1478	0	0	1099	1323	0	0	948	0	
0	693	0	0	0	0	0	0	0	0	0	0	0	0	0	0	0	0	0	0	0	0	0	0	0	0	0	0	0	0	0	0	1351	0	0	0	0	0	0	0	0	0	0	982	0	0	0	0	0	0	0	0	0	1119	0	0	0	0	0	0	0	0	0	0	0	0	0	0	0	0	0	0	918	1168	646	0	0	959	0	0	0	0	0	0	0	0	924	0	0	852	0	0	0	0	0	0	0	0	0	0	
0	0	0	0	0	0	0	0	0	1145	0	0	0	0	0	0	0	0	0	0	0	0	1464	0	0	0	0	0	0	0	0	0	0	0	0	0	0	0	0	0	0	0	0	0	0	0	0	0	0	0	0	0	0	0	0	0	0	0	0	0	0	0	0	0	1105	0	0	0	0	0	0	0	0	0	756	0	0	1201	0	0	0	614	0	0	0	0	0	0	0	0	0	0	0	0	0	0	610	0	0	0	
0	0	0	0	0	0	0	0	0	0	0	0	0	0	0	595	0	0	0	0	0	0	0	0	574	0	0	0	0	0	0	0	0	0	0	0	0	0	1253	0	0	0	0	0	0	0	0	0	0	0	0	0	0	0	988	0	0	0	0	0	0	0	0	0	0	0	1456	0	0	0	0	0	1481	0	0	0	0	0	0	0	0	0	0	0	0	0	0	0	0	0	0	0	0	1071	0	0	0	0	0	0	
0	0	601	1452	0	0	0	0	0	0	0	0	0	0	0	0	0	0	0	0	0	545	0	0	0	813	0	0	0	0	0	0	700	0	0	0	0	0	0	0	946	0	0	0	0	0	0	0	0	0	0	0	0	0	657	0	0	1117	0	0	0	0	0	0	0	0	1102	0	0	0	0	0	0	0	0	0	1330	0	0	1023	0	0	1211	0	0	0	0	0	879	0	0	0	0	0	0	0	0	0	0	0	
0	0	1450	0	0	0	0	0	0	0	0	0	0	0	0	0	0	0	0	0	0	0	0	0	0	0	0	1322	0	0	0	0	0	0	0	0	0	0	0	0	0	658	0	0	0	0	0	0	0	0	0	0	747	0	0	0	0	0	0	0	627	0	0	0	0	0	0	0	0	617	0	0	0	0	0	0	0	0	1491	0	0	0	0	1493	0	0	0	0	0	0	0	0	0	0	0	0	0	0	0	0	
0	0	0	546	0	0	1399	584	0	0	0	732	0	0	0	0	0	0	0	0	0	0	0	0	0	0	0	0	0	0	0	0	0	0	0	0	0	0	0	854	0	0	0	710	0	0	0	0	0	0	0	0	0	0	0	0	0	0	0	1495	0	0	0	0	0	703	0	0	0	0	0	0	0	0	0	0	0	0	0	0	0	0	0	0	0	0	0	0	0	1326	0	0	0	0	0	0	0	0	0	0	
0	0	0	0	0	0	0	0	0	0	0	0	0	0	0	0	775	1143	0	0	0	0	0	0	0	0	0	1385	0	0	0	0	0	0	0	0	0	0	0	0	0	0	0	0	0	0	0	0	0	0	0	0	0	0	0	0	0	0	685	0	0	0	0	0	0	0	0	673	0	0	0	0	0	0	0	0	0	0	0	0	0	0	0	0	0	0	0	0	1379	0	0	0	0	0	1189	0	0	0	0	0	
0	0	0	0	0	0	0	613	0	0	0	0	0	0	0	0	0	0	0	527	0	0	0	0	1134	970	0	0	0	0	0	0	0	0	714	0	0	0	0	0	0	0	0	1256	0	0	0	0	0	0	0	0	0	0	0	0	0	0	0	0	0	0	0	0	0	0	0	0	0	0	0	0	0	0	0	0	0	0	0	0	954	0	0	1069	0	0	1167	0	0	0	0	0	0	0	0	0	0	0	0	0	
0	0	0	0	1023	0	0	0	0	0	0	0	0	0	0	0	1059	1426	0	0	0	0	0	0	0	0	0	1308	0	0	0	0	0	0	0	0	0	0	803	0	0	0	0	0	0	0	0	0	0	0	0	0	0	0	0	0	0	0	0	0	1290	0	680	0	0	0	0	845	0	0	0	0	0	0	0	0	0	0	0	0	1486	0	0	0	0	0	0	1197	0	0	0	756	0	1332	0	0	0	0	911	0	
0	0	0	0	0	983	0	0	0	0	0	0	0	0	0	1248	0	0	0	0	0	0	0	0	0	0	848	0	0	0	0	0	0	0	0	0	0	0	0	0	0	0	0	0	0	0	0	1416	0	0	1232	0	568	0	0	528	0	0	0	561	0	0	0	0	0	0	0	0	0	0	0	0	0	0	0	0	0	0	0	0	0	0	0	0	0	0	0	967	0	0	0	0	0	1065	0	0	0	0	0	0	
1499	0	798	0	0	0	0	0	0	0	582	0	0	0	0	0	0	1209	0	1323	0	0	1162	0	0	0	0	0	0	0	0	0	0	0	0	0	0	0	0	0	0	0	0	0	1126	0	0	0	1225	0	1301	866	1141	906	0	0	0	870	0	951	814	0	0	0	0	0	0	0	1301	0	0	0	0	0	0	0	0	0	0	0	0	0	0	0	0	0	0	744	1158	1303	0	0	0	810	0	0	0	0	0	0	
0	1229	0	0	0	0	0	0	0	0	635	0	0	1043	0	0	0	0	0	0	0	0	0	1109	0	0	0	0	1108	0	0	0	0	0	0	0	0	1385	0	0	0	0	0	0	0	0	982	0	0	0	1354	0	0	0	0	0	0	0	0	0	0	0	0	1286	1238	0	0	0	0	0	0	0	1408	0	0	0	0	1116	0	0	0	0	0	0	0	0	1268	0	1446	0	0	0	1371	0	0	870	1245	0	0	0	
0	0	0	0	0	0	0	0	0	0	0	0	0	0	0	0	0	0	1455	0	0	1253	0	0	0	0	0	0	0	0	0	0	0	0	0	0	0	0	0	1394	0	1289	0	0	0	0	0	0	0	1277	0	1132	1204	0	0	0	0	0	0	1149	0	790	0	0	0	0	0	0	0	0	0	0	0	0	0	0	0	591	0	0	0	0	1079	0	0	0	0	0	0	0	0	0	0	0	0	0	0	0	0	0	
0	0	0	0	0	0	0	0	0	0	0	0	0	0	0	0	0	0	0	0	0	0	0	0	0	0	0	0	0	0	0	0	0	0	0	0	0	0	0	0	0	0	0	1422	0	0	0	0	0	0	0	0	0	0	0	0	1478	0	0	0	0	0	0	0	0	0	0	0	0	0	0	0	718	0	0	0	0	0	0	0	0	0	0	0	1257	0	0	1479	0	0	0	0	0	0	0	0	0	0	1029	0	
0	0	0	0	0	0	0	0	0	0	0	0	0	0	0	0	0	0	0	0	1457	0	0	0	0	0	0	0	0	0	0	0	0	0	0	0	0	0	0	0	0	0	0	0	0	0	0	851	1009	0	0	1163	0	0	0	0	0	732	0	0	0	0	0	0	0	0	0	0	1443	0	0	0	0	0	0	1468	0	0	0	0	0	0	0	0	0	0	0	0	0	0	0	0	0	0	0	0	0	930	0	0	
0	0	0	0	0	0	0	0	0	0	0	0	1355	0	0	0	629	0	0	0	0	0	0	0	0	867	0	0	0	889	0	0	0	0	0	0	0	0	0	0	0	0	0	1322	0	0	0	566	1011	0	0	0	0	589	0	0	0	0	0	0	0	0	0	0	0	0	1479	0	890	0	0	1392	0	0	0	0	1199	1402	964	0	0	1016	0	0	0	0	0	0	0	0	0	0	0	0	0	0	0	0	0	0	
0	0	0	0	0	0	0	0	0	0	0	0	0	0	0	0	0	0	0	0	0	0	0	0	1122	870	0	0	0	1139	650	0	0	0	0	764	0	0	0	1477	0	0	0	0	0	1121	0	0	0	0	0	0	879	0	1093	967	0	0	0	610	0	0	0	1177	0	0	0	0	0	0	1496	1326	0	0	0	0	0	0	0	0	0	0	1040	0	0	0	0	0	0	0	0	0	0	0	0	0	0	0	0	549	
1205	0	0	0	0	0	0	0	0	0	0	0	0	0	0	0	0	0	0	0	0	0	0	0	0	0	0	1149	0	0	0	0	0	0	0	0	0	0	0	0	526	0	0	0	0	0	0	594	0	828	0	0	0	0	0	0	1493	686	0	0	0	0	839	0	0	0	0	0	0	0	0	0	0	0	0	0	0	0	0	0	0	0	0	0	0	0	1359	0	0	0	0	0	0	1053	0	0	1238	0	0	0	
0	0	0	0	0	0	0	0	0	0	0	1369	0	561	0	761	0	0	0	0	0	0	0	0	0	0	0	0	0	0	0	0	0	0	0	0	0	0	0	0	0	1278	1035	0	0	0	0	0	0	0	0	0	0	0	0	0	0	1319	0	0	0	0	0	0	0	0	0	612	0	0	0	0	0	0	0	0	0	0	0	0	0	0	0	0	0	0	0	0	0	0	0	0	0	1194	0	0	0	0	0	0	
0	0	0	0	0	546	0	1023	905	0	684	0	0	0	0	0	0	0	0	0	0	0	0	0	0	0	0	0	0	0	0	0	0	0	0	0	0	0	0	0	0	0	0	0	1343	0	0	0	0	0	0	0	0	0	0	0	0	0	0	0	700	0	0	0	659	0	0	0	0	0	985	0	0	0	0	0	646	0	0	0	0	0	0	0	0	0	0	0	0	0	0	0	0	0	0	508	0	0	0	0	
0	0	1105	0	0	0	0	0	0	0	0	0	0	0	0	0	950	0	0	0	0	0	0	0	0	0	0	0	0	0	0	0	0	0	0	0	0	0	0	0	0	0	0	0	0	0	0	1474	0	0	0	0	0	0	0	0	0	1127	987	0	1392	0	620	0	0	0	0	0	0	0	0	0	0	0	0	0	0	1128	0	0	0	0	0	0	0	0	0	0	0	0	0	0	585	0	0	0	0	0	0	853	
0	1352	0	0	0	0	0	0	0	0	0	0	0	0	0	0	0	0	0	1420	0	0	0	0	0	0	0	0	0	0	0	0	0	0	752	0	0	0	0	0	0	0	0	0	0	0	0	0	0	0	831	0	0	0	0	0	501	0	1268	0	0	0	0	0	0	0	0	0	0	983	0	0	0	0	0	0	872	0	0	0	0	0	845	0	0	900	0	0	1481	0	1037	0	0	0	0	0	0	0	0	0	
0	0	0	0	0	0	0	0	0	1452	739	0	0	0	0	0	0	0	877	0	0	0	0	0	0	0	0	0	0	0	0	0	0	1382	668	0	0	0	0	0	0	0	1156	0	0	0	0	0	0	1106	0	0	0	0	0	0	0	0	0	0	0	890	765	0	0	1349	0	0	0	0	0	0	0	0	0	0	1004	981	0	0	1463	0	0	0	0	0	0	821	0	0	0	0	1094	0	0	945	0	0	0	0	
0	0	0	0	0	0	0	1245	0	0	0	0	0	0	1119	0	0	0	0	0	0	0	0	0	615	1385	0	0	0	0	0	0	0	0	921	0	0	0	0	0	0	906	0	0	0	0	0	0	0	0	0	0	0	0	889	0	0	0	0	0	0	0	0	0	0	0	935	0	0	0	0	0	0	0	627	0	0	0	0	0	0	0	0	0	0	0	0	0	0	0	0	0	0	0	654	0	992	0	0	0	
0	0	0	0	0	0	0	0	0	0	0	0	0	0	0	0	0	0	0	0	0	0	1379	0	606	0	0	0	0	0	0	0	0	0	0	0	0	0	0	0	0	0	0	607	0	678	0	0	0	0	1169	0	0	0	0	0	0	0	0	0	0	630	0	0	0	0	0	0	0	0	0	0	528	1118	0	1041	0	0	926	0	0	0	0	0	1086	0	0	0	0	0	0	815	0	0	0	0	0	0	0	0	
0	0	0	1066	0	0	0	549	762	0	0	0	1489	0	0	0	0	0	0	0	0	857	939	0	0	0	942	0	0	0	0	0	0	0	511	0	0	805	0	0	0	1429	0	0	1485	0	0	0	0	1454	0	0	0	0	0	0	0	0	0	0	1049	0	0	0	0	0	1263	0	0	0	0	0	0	0	0	0	0	0	0	0	0	0	0	0	0	0	0	0	0	0	0	0	0	0	0	0	0	0	0	0	
0	0	0	0	0	0	0	1050	0	0	0	0	0	0	0	0	0	0	0	0	0	852	0	0	0	0	0	0	0	0	0	0	0	0	0	518	0	0	0	0	0	0	527	0	0	0	0	0	0	0	0	0	548	0	0	0	0	0	514	0	0	0	0	1381	0	0	0	0	0	0	0	0	0	0	0	0	0	0	0	0	0	0	0	0	0	0	0	0	0	0	0	640	0	1287	0	0	0	0	0	0	
1458	0	0	0	0	0	0	0	0	0	0	0	0	1461	0	0	0	0	0	0	0	0	0	0	0	0	0	0	0	0	0	0	0	0	1120	0	0	0	0	0	0	866	0	0	0	0	1408	0	0	0	0	0	0	655	0	0	0	0	0	0	0	1028	0	0	0	0	0	0	0	0	1078	0	0	0	0	0	0	0	0	0	0	0	0	0	0	952	0	0	0	0	0	0	0	0	0	0	0	0	0	0	
0	0	0	0	0	0	0	0	0	0	0	0	0	0	0	0	0	0	0	0	747	0	0	0	0	0	0	0	0	952	549	1328	0	0	980	0	0	0	0	0	0	0	0	0	1053	1264	0	0	0	0	0	0	0	0	606	0	0	0	1274	0	0	0	0	0	0	0	0	713	0	0	0	0	0	0	680	0	0	0	0	0	0	0	0	730	0	0	0	0	0	802	0	1002	0	0	0	0	0	0	0	0	
0	0	0	0	0	0	0	0	0	0	0	0	0	0	0	0	0	0	0	0	0	0	0	0	0	930	0	0	0	0	776	1486	0	0	0	0	0	0	0	0	0	0	0	0	0	0	0	972	0	0	0	937	0	0	0	828	0	1383	0	0	0	0	0	0	0	0	0	0	0	1408	0	0	0	0	0	0	0	0	0	854	0	0	0	0	0	0	0	515	0	1047	0	0	795	0	0	0	0	0	0	0	
0	0	0	0	0	0	0	0	0	0	0	0	0	0	0	0	0	0	0	0	0	1347	1204	0	0	0	1070	0	0	0	0	0	0	0	0	0	0	0	0	0	0	0	0	0	0	0	0	0	0	0	0	0	0	0	0	0	0	0	0	0	0	0	0	0	0	0	0	0	0	0	0	0	0	0	0	0	0	0	0	0	0	0	0	0	0	540	0	1027	1134	0	0	0	0	0	0	0	0	0	0	0	
0	0	0	0	0	0	0	0	0	0	0	0	0	0	0	0	0	0	0	783	0	0	0	0	0	0	0	0	0	0	0	0	0	0	0	828	0	0	0	0	0	0	0	0	0	0	0	0	0	0	0	0	0	0	0	0	0	0	0	0	0	0	0	1347	0	0	0	0	0	0	0	0	0	0	0	0	0	0	0	0	0	799	0	0	0	0	0	0	1397	0	0	0	0	0	0	0	0	0	0	0	
0	0	0	0	0	0	0	0	0	0	0	0	0	0	0	0	0	0	0	0	1215	0	0	0	0	0	0	1127	0	0	0	0	519	0	0	0	0	0	0	0	0	0	0	1430	0	0	0	0	0	0	0	0	1406	0	0	0	0	0	0	0	0	0	1089	0	0	0	0	0	1143	0	0	0	0	0	0	0	0	0	0	0	0	0	0	0	568	0	0	0	0	1323	0	0	0	0	845	0	0	0	0	0	
0	0	0	0	0	0	0	0	0	0	961	0	0	0	0	0	0	677	0	0	0	0	0	0	0	0	0	0	0	0	0	0	589	0	0	684	0	0	0	1070	0	0	0	0	0	0	0	1424	0	0	0	0	0	0	0	0	0	0	0	0	0	0	0	0	0	0	0	0	0	834	0	0	961	1095	0	0	0	0	0	1319	1149	0	0	0	0	0	0	0	0	0	0	0	0	0	0	0	0	0	0	633	
0	0	0	0	0	0	0	0	0	0	0	0	0	0	0	0	0	0	1091	0	0	1386	0	0	0	0	0	0	0	0	0	0	714	0	0	0	0	0	0	0	0	0	1396	0	0	0	685	0	0	0	0	1160	0	1005	0	0	0	0	0	842	0	0	0	0	0	0	0	0	593	0	0	0	0	0	0	0	0	0	0	0	0	1229	0	0	0	0	0	653	0	0	0	0	0	0	0	0	1167	0	0	0	
0	0	0	855	0	501	0	0	0	0	0	1147	0	0	0	925	0	901	1386	0	0	0	0	0	0	0	0	0	0	0	0	0	0	0	1167	0	0	0	0	996	0	502	657	0	0	0	0	0	0	0	0	0	0	0	0	0	0	0	0	0	0	889	0	0	0	0	0	0	0	0	0	0	0	0	0	1433	0	0	0	0	736	0	0	0	0	0	0	0	0	725	0	0	847	0	0	0	0	0	0	0	
0	1155	0	0	0	0	0	0	0	0	904	0	0	0	0	0	0	0	0	0	1497	0	0	0	0	1342	0	0	0	0	0	0	0	0	0	0	0	0	659	0	0	0	0	581	0	1401	0	1071	0	0	0	0	0	1281	0	0	0	0	0	0	0	0	0	0	0	0	0	733	0	0	0	0	0	0	0	0	0	0	0	0	0	0	0	0	0	0	0	0	0	0	0	0	1105	1185	0	936	0	0	0	0	
0	0	0	0	0	0	0	0	0	0	0	0	0	0	0	0	0	0	0	0	0	0	0	0	885	511	961	0	0	0	0	0	1176	0	0	0	0	0	0	0	0	0	1467	0	0	0	0	0	0	0	0	0	0	0	0	0	0	1361	803	545	0	0	699	1260	0	0	0	0	0	0	655	0	0	0	0	0	0	0	0	0	0	0	0	0	0	0	0	920	0	0	1217	0	0	0	0	0	0	0	1411	0	
0	0	0	0	0	0	0	589	0	0	0	0	1168	0	0	0	0	0	0	0	0	0	0	0	0	0	0	0	0	0	1050	0	0	0	0	0	0	0	0	0	0	0	0	0	0	0	0	0	0	0	820	0	0	0	0	0	0	821	0	0	0	0	0	0	795	0	0	0	0	0	0	0	607	713	0	0	0	0	0	0	0	0	0	0	0	726	0	0	0	623	0	0	0	0	0	0	0	0	1022	558	
0	0	0	0	0	0	0	0	0	0	0	0	0	0	527	0	0	867	0	0	607	0	0	0	0	0	0	0	0	0	0	0	565	0	0	0	0	0	0	1084	0	0	0	0	0	0	0	0	0	0	0	0	0	0	0	0	0	0	962	0	0	0	946	0	0	0	0	0	0	595	0	0	0	1184	0	0	0	0	0	0	0	0	0	0	0	0	0	0	0	963	0	0	0	0	0	0	0	0	0	0	
0	0	0	0	0	0	0	0	0	0	767	0	1220	0	0	0	0	0	0	0	0	0	0	0	0	0	1246	0	0	0	0	0	0	0	0	0	1093	0	1058	0	0	0	0	0	0	0	790	0	0	0	0	0	0	0	0	0	0	0	0	0	0	537	674	0	0	0	0	0	0	0	0	0	0	0	0	0	0	1230	0	0	0	0	0	0	0	0	0	0	0	0	0	0	0	0	0	0	0	0	0	0	
0	1378	0	954	0	0	0	0	871	0	1336	0	0	0	0	0	0	0	0	0	0	0	0	0	0	0	0	576	0	0	0	0	0	0	0	0	0	0	0	0	0	798	0	0	1412	0	1407	0	0	0	0	0	0	0	0	0	0	0	0	1445	0	0	0	0	0	0	0	0	0	0	0	0	882	1217	0	0	1248	0	0	0	0	0	0	0	0	0	0	0	1412	0	0	0	0	0	0	0	0	0	0	0	
0	0	0	0	0	0	0	0	1307	0	0	0	0	0	0	0	0	0	0	0	0	0	1076	0	0	0	684	0	0	0	0	0	0	0	0	0	0	0	653	0	0	1238	0	1180	0	0	0	0	0	0	0	0	0	0	0	0	0	0	0	0	0	0	0	0	1112	0	0	0	0	0	0	0	0	0	0	0	0	0	0	0	0	0	0	0	0	0	0	0	0	0	0	0	0	0	0	0	0	0	0	0	
0	0	0	0	1048	0	0	0	0	0	0	0	0	0	0	0	0	0	0	0	0	0	0	0	0	0	0	1427	0	1215	840	0	0	881	0	0	0	0	0	0	0	0	0	0	1362	0	0	0	0	0	0	0	0	0	0	0	0	0	662	0	0	0	0	0	0	0	0	0	0	0	0	0	0	0	0	0	798	0	0	0	0	0	0	1424	0	0	0	0	0	0	0	1420	0	0	0	512	0	0	1266	1275	
0	963	0	0	0	0	0	0	0	0	0	0	0	0	0	0	0	1070	0	0	0	0	0	0	0	507	0	0	0	0	0	0	948	0	0	0	0	0	0	0	0	0	1028	0	0	0	0	751	0	0	0	722	0	0	0	0	1201	0	0	0	0	0	619	0	0	0	0	0	0	0	0	0	0	0	0	0	0	931	0	0	0	0	0	0	0	0	990	0	0	0	0	0	969	0	0	0	0	0	0	0	
0	0	0	0	0	0	857	0	0	1046	0	0	0	0	0	0	0	0	0	0	727	0	0	749	0	0	0	0	0	609	0	0	1390	0	0	0	0	0	959	0	0	0	0	0	0	582	0	0	0	1389	1259	0	0	0	0	0	0	0	0	0	586	0	0	0	0	0	0	0	937	0	0	0	1194	0	0	1467	0	0	0	0	0	0	0	693	0	914	0	0	0	0	0	0	0	0	0	0	0	1390	0	0	
0	0	0	0	0	0	0	0	0	0	0	0	0	0	0	1340	0	0	757	0	0	0	0	0	0	0	0	0	0	0	0	0	0	0	0	0	0	0	0	0	858	0	0	0	0	0	0	0	0	0	0	0	0	0	0	0	0	0	0	0	0	0	0	0	0	0	0	0	0	0	0	0	0	0	0	0	0	0	0	0	0	0	0	1365	0	0	0	0	0	0	0	0	0	0	0	0	0	0	0	0	
0	0	0	0	0	0	512	0	0	0	0	0	0	0	0	670	0	0	0	0	0	933	0	0	0	0	0	0	0	1456	0	0	0	1096	558	0	0	949	0	0	0	0	0	0	0	0	0	0	0	0	0	0	682	0	0	0	0	0	871	0	968	0	0	0	0	0	0	0	810	0	0	0	639	0	0	0	0	0	0	0	0	0	0	0	0	0	0	0	0	0	0	0	0	0	0	0	0	0	0	0	
0	0	0	0	0	0	0	0	0	0	1158	0	0	0	0	0	0	0	0	0	0	0	0	0	737	0	0	0	1323	0	0	0	0	0	0	0	0	0	566	0	0	0	0	0	0	0	0	0	0	0	0	0	0	0	0	0	754	661	0	0	0	0	0	0	0	0	1011	0	0	687	0	0	0	0	0	0	0	0	0	0	877	0	0	0	0	0	1361	0	0	610	0	0	0	0	0	1124	965	0	0	0	
0	0	0	0	0	0	0	0	1164	0	0	0	0	0	0	0	0	0	0	1358	0	0	951	0	0	0	0	0	0	0	0	0	0	0	0	0	0	0	0	1207	0	0	0	0	0	0	0	0	0	0	0	0	753	0	0	0	0	0	0	0	0	0	0	0	0	0	0	1474	0	0	0	0	0	0	1087	0	0	0	0	0	0	0	0	0	0	0	0	0	0	1060	0	0	0	0	0	0	0	0	0	0	
0	0	0	0	0	0	0	0	0	0	0	0	0	1411	0	0	0	0	1257	0	0	0	0	0	0	0	0	0	0	0	0	0	757	0	0	0	779	0	0	0	0	0	0	0	0	0	0	0	0	0	0	0	0	0	0	0	0	0	0	0	0	0	0	861	0	0	1257	0	0	0	0	0	0	0	0	0	0	0	0	0	0	0	0	1055	0	0	1270	0	0	0	0	0	0	0	0	0	0	0	0	0	
0	0	0	0	0	0	0	0	0	0	0	0	0	0	0	997	0	0	0	0	0	0	0	0	0	0	0	0	1105	0	0	0	0	0	0	0	0	811	0	0	0	0	0	0	0	0	0	0	0	0	0	0	0	0	1335	0	0	0	0	0	0	0	0	0	0	0	0	0	0	0	0	0	0	0	1185	0	0	0	0	0	0	0	0	0	0	0	0	0	1029	928	0	0	0	0	835	0	0	0	0	0	
0	0	0	0	0	0	0	0	0	0	0	0	0	0	0	0	0	0	0	0	0	0	794	578	784	0	0	0	0	0	0	0	0	0	0	0	0	0	0	0	0	0	0	0	0	0	0	0	0	0	0	0	0	0	0	0	0	0	1491	0	0	0	0	0	0	0	0	1304	0	1308	0	0	0	0	0	0	0	0	910	596	0	0	0	0	0	0	0	0	0	0	0	0	0	0	0	0	0	0	0	0	
0	0	0	0	0	0	1395	0	0	0	0	0	0	0	0	0	0	0	0	0	0	0	0	0	0	0	0	0	0	0	0	0	0	708	0	0	1243	0	0	0	579	0	0	0	0	0	0	0	0	0	0	0	0	0	1044	0	880	656	0	1157	804	0	0	0	0	0	0	0	731	0	0	0	1436	0	1468	0	0	0	741	0	0	0	0	0	0	0	0	0	0	0	0	918	0	0	0	0	0	0	0	0	
0	1032	0	0	0	0	0	0	930	0	0	0	0	0	0	0	0	0	0	0	0	840	0	1030	0	0	0	0	0	0	0	0	1119	1176	0	0	0	0	0	0	0	0	0	0	0	0	0	0	0	0	0	0	0	0	0	0	0	0	0	0	0	1022	1248	0	0	0	1281	0	0	0	0	0	0	0	0	0	0	0	711	0	0	0	0	0	0	0	0	0	1337	1329	0	0	0	0	0	0	0	0	0	0	
0	0	0	0	0	642	0	0	0	0	1264	0	0	0	0	0	0	0	0	0	0	1378	0	0	0	0	0	0	0	1259	0	0	0	0	0	0	0	0	0	0	0	0	0	1440	0	0	0	0	0	0	0	861	0	0	0	0	0	0	0	0	0	0	0	0	0	970	0	0	0	0	0	0	919	0	0	0	0	0	570	0	0	0	0	0	0	0	0	0	0	0	0	0	0	1046	0	0	0	0	0	0	
