100
0	665	0	1179	0	0	0	0	0	526	0	1460	1193	0	0	0	0	0	0	0	1418	0	0	0	0	0	0	1163	0	0	0	0	0	0	0	0	0	0	0	733	0	0	0	0	0	0	0	0	0	0	0	0	0	0	0	0	0	0	0	0	0	736	0	0	1269	0	0	0	0	0	0	0	0	0	651	0	0	0	0	0	0	1026	0	0	0	0	0	0	0	0	591	0	0	0	0	0	0	696	0	0	
0	0	0	0	0	0	1268	0	0	0	0	0	0	0	0	0	0	0	0	0	0	1359	1027	0	0	0	0	0	0	0	0	0	0	0	0	0	0	0	0	1239	0	0	1295	811	0	0	0	0	0	0	0	0	0	0	0	0	0	0	1436	0	0	1149	0	0	0	0	674	0	0	0	0	0	0	0	0	0	0	0	0	0	0	0	0	0	0	0	0	0	0	0	0	0	0	915	0	0	0	0	0	0	
688	0	0	0	0	1347	0	932	0	0	0	0	0	0	0	0	0	0	0	0	0	0	0	0	0	0	0	0	0	0	0	0	0	0	0	0	0	0	0	0	0	0	0	531	0	0	0	0	0	0	0	0	0	0	0	0	0	0	0	0	0	0	0	0	0	0	0	0	0	0	0	0	0	0	0	0	0	0	0	0	0	0	0	0	0	0	0	0	0	0	0	0	0	0	1213	0	1454	0	0	0	
0	0	0	0	0	0	0	0	0	0	0	542	0	0	0	0	0	0	0	0	0	0	0	0	0	0	0	0	0	0	595	0	0	0	0	0	0	0	0	0	0	0	0	0	0	0	1428	0	0	0	0	0	0	0	0	0	0	0	0	0	0	0	0	0	0	0	0	0	0	0	0	0	0	0	1241	0	0	0	0	0	0	0	0	0	615	1384	0	0	0	0	0	0	0	0	0	0	0	0	0	0	
0	0	0	0	0	0	0	0	0	0	1070	0	0	0	0	0	0	0	0	0	763	0	0	0	0	0	0	0	0	0	0	0	0	0	0	0	0	0	0	0	0	0	0	0	0	0	0	0	0	0	0	0	0	0	1498	0	0	0	0	0	0	0	0	0	0	0	0	0	0	0	0	0	0	0	0	0	0	0	712	0	0	0	0	0	0	0	0	0	0	0	0	0	0	0	0	0	0	1490	0	0	
0	0	0	0	0	0	0	0	0	0	0	0	0	0	1087	1283	0	0	0	0	0	0	1289	1294	0	0	0	0	0	0	0	0	0	0	1178	0	0	1338	1053	0	0	0	0	0	968	857	0	0	0	0	0	0	0	0	0	0	0	0	0	0	0	0	0	0	0	1276	0	0	0	0	0	0	0	0	0	0	0	713	502	0	0	0	0	0	0	0	0	541	0	0	0	0	0	0	0	0	0	0	791	0	
0	0	899	0	0	0	0	0	0	0	0	0	0	0	0	0	0	0	0	0	0	0	1033	0	0	0	0	0	0	0	0	0	0	0	0	0	0	0	0	0	0	0	0	0	0	0	0	0	0	0	0	0	0	0	0	0	0	0	0	578	0	0	0	0	0	0	0	0	0	0	0	0	0	0	0	0	0	0	0	0	0	519	0	0	0	0	0	0	0	0	1153	1388	0	0	0	1348	0	0	0	0	
0	0	0	0	0	0	0	0	0	0	0	0	0	0	0	0	0	885	0	0	0	0	0	1255	0	0	0	0	0	0	0	0	0	0	0	0	0	0	0	0	0	0	0	0	1236	0	0	0	0	0	0	0	0	0	0	0	0	0	0	0	0	1445	0	0	0	0	0	0	0	0	0	0	1456	0	0	568	0	0	0	0	0	0	0	0	1059	0	0	0	0	0	0	0	580	0	0	0	0	0	0	0	
0	0	0	972	0	0	0	1035	0	0	0	0	0	0	0	0	0	0	1022	0	0	0	0	0	0	0	0	506	0	0	0	0	0	0	0	0	0	0	1159	0	0	0	0	0	511	0	1482	0	0	0	0	0	0	0	812	0	0	0	1232	0	0	0	0	0	563	0	0	0	0	0	0	0	0	0	1389	0	0	0	0	0	0	0	0	0	0	0	1461	0	0	0	0	0	0	0	0	0	902	0	0	0	
0	0	0	0	0	0	0	0	650	0	0	0	0	0	0	0	0	0	0	844	0	0	0	0	0	0	0	0	0	0	1284	0	0	0	1026	0	1458	837	0	0	0	0	0	0	0	0	951	0	0	0	0	0	0	1252	549	0	0	0	704	0	0	0	0	977	0	1441	0	0	0	0	0	0	0	0	622	0	0	0	0	0	0	0	0	0	0	0	0	0	0	0	0	0	0	0	0	0	661	0	0	0	
0	0	749	0	0	0	0	0	0	0	0	0	0	0	0	866	0	0	0	0	864	0	0	0	0	0	0	0	0	0	0	0	0	0	0	904	0	1251	0	0	0	0	0	0	0	1234	0	1153	0	1280	0	0	0	0	0	0	0	0	0	0	0	866	0	0	0	0	0	0	0	0	0	1315	0	0	0	0	0	0	0	0	0	0	0	0	0	0	0	0	0	0	0	991	0	0	0	795	0	0	0	0	
0	0	0	0	0	0	0	0	0	0	0	0	0	0	0	0	0	0	0	0	0	0	0	0	0	0	0	0	1405	1158	0	0	0	0	0	0	0	0	0	0	0	636	0	816	0	659	0	839	0	0	0	714	0	0	0	0	0	0	0	0	0	0	0	0	0	0	0	0	0	0	0	0	0	0	0	0	0	0	0	0	0	673	0	0	0	0	0	0	0	0	0	0	0	0	0	0	0	0	0	0	
0	0	0	0	0	0	1391	0	0	0	803	0	0	0	0	967	0	0	0	0	0	0	0	716	0	0	0	968	0	0	0	0	0	0	0	0	0	857	1364	0	0	0	0	0	0	0	868	0	0	0	0	0	0	0	0	0	0	0	0	1418	0	0	0	0	1243	0	0	0	0	0	0	0	0	0	0	0	0	0	0	0	0	0	0	0	0	1284	0	0	0	0	0	0	0	0	0	0	826	1157	0	0	
0	0	0	0	0	0	0	591	0	0	0	1351	0	0	0	0	0	0	0	796	1070	0	0	0	0	0	0	0	860	0	0	0	0	0	0	0	0	0	0	0	0	0	1019	0	0	0	0	0	0	0	0	0	0	0	614	0	0	0	846	0	0	0	0	0	0	0	0	0	599	0	0	0	0	0	0	0	0	0	0	1285	1190	0	0	0	0	0	0	0	0	0	0	0	0	0	0	1093	0	0	0	1424	
0	0	0	0	0	0	0	0	0	0	0	1082	0	0	0	0	0	0	805	0	0	979	0	0	0	0	0	0	0	0	0	0	0	0	0	0	0	0	0	1249	655	0	0	0	0	0	0	0	0	0	0	0	0	0	0	0	0	0	0	0	0	0	0	0	0	0	0	0	0	0	0	0	0	0	0	0	0	0	0	0	0	0	0	1293	742	0	0	0	0	0	0	0	0	0	0	0	0	0	0	0	
758	756	0	0	0	0	0	0	0	0	0	0	0	0	0	0	0	0	1406	0	0	649	0	0	0	0	0	0	0	0	0	0	864	0	0	0	0	0	1465	0	0	0	0	0	0	0	0	0	0	0	0	0	0	0	0	0	0	0	0	0	0	0	0	1368	0	0	0	943	0	0	0	0	0	0	1382	0	0	0	0	0	0	0	897	0	0	0	0	0	0	1338	0	0	0	0	0	1494	0	0	0	0	
0	564	0	0	0	1388	0	0	876	0	0	0	0	0	0	0	0	0	615	0	0	0	0	0	0	0	0	0	0	0	1409	0	0	0	0	0	0	0	0	1339	0	584	0	0	0	0	0	0	0	0	0	0	0	0	0	0	0	0	0	0	0	0	0	0	0	0	0	0	0	0	0	0	0	0	0	0	0	0	0	0	0	0	0	0	1128	0	0	0	0	0	0	0	0	0	0	0	0	853	0	0	
0	0	0	0	0	0	0	0	0	0	0	0	0	0	0	740	0	0	1255	0	0	0	1250	0	0	0	0	0	0	0	0	0	951	0	0	0	0	0	0	0	1448	0	0	0	0	0	0	0	0	0	0	0	0	0	0	0	0	0	0	0	0	0	0	0	0	0	977	0	0	0	0	0	0	0	0	0	0	0	0	0	0	0	0	0	0	0	0	0	0	0	0	0	0	0	0	0	0	0	0	0	
0	0	0	0	0	0	0	0	0	0	0	0	652	0	0	0	0	0	0	0	0	0	0	0	0	0	0	0	765	0	0	0	0	0	0	0	0	0	0	0	0	970	0	0	1441	0	0	0	0	0	0	0	0	0	0	0	0	0	0	0	0	0	0	0	0	0	0	0	0	0	0	510	0	0	0	0	0	0	0	0	0	0	0	1467	0	0	0	1293	0	0	0	0	0	0	0	602	0	0	0	0	
0	1063	0	0	0	0	0	0	0	0	0	0	0	0	0	0	0	0	0	0	0	0	0	0	0	0	0	0	0	0	0	0	0	0	0	0	0	0	0	0	0	752	0	0	0	0	0	0	0	0	0	942	0	0	0	0	595	618	0	0	1179	0	0	0	0	0	0	0	0	0	0	0	0	0	0	0	0	0	0	0	0	0	0	0	0	0	0	0	0	0	0	1210	0	0	0	0	0	0	0	856	
1098	0	0	0	0	0	0	0	0	0	0	0	0	0	0	0	0	0	0	0	0	0	0	1205	0	0	0	0	0	0	0	0	0	0	0	0	0	0	0	0	0	0	0	0	0	0	0	0	0	1233	0	0	0	0	0	0	0	0	0	1282	0	0	0	0	0	0	0	0	0	0	542	0	0	0	0	1154	0	655	0	0	0	0	1360	919	0	0	0	1098	0	0	0	0	0	0	0	0	0	0	0	0	
0	0	0	0	0	0	0	0	0	0	0	0	0	0	0	1450	0	0	0	0	0	0	0	0	1462	0	0	0	0	0	0	0	0	0	0	0	0	0	0	0	0	0	1329	0	1429	0	0	0	0	0	0	0	0	0	0	0	0	1089	0	0	1416	0	0	0	0	0	0	0	0	0	0	0	0	0	0	0	0	0	0	0	0	0	0	0	0	0	0	0	0	0	0	0	0	0	0	1466	0	0	0	0	
0	0	0	0	0	0	0	0	0	0	0	0	0	0	0	0	0	0	0	0	0	0	0	0	0	0	0	0	1156	0	0	0	0	0	0	547	0	659	0	0	0	0	0	0	0	0	0	0	0	876	0	0	0	0	0	0	0	0	0	0	0	0	0	0	0	0	0	0	0	0	0	0	0	0	0	0	0	0	0	0	0	0	0	0	0	0	0	0	0	0	0	0	0	0	0	0	0	0	0	0	
0	0	0	0	0	0	0	1146	0	0	0	0	1487	1448	0	0	0	0	0	0	0	0	0	0	596	0	0	0	0	0	0	0	0	0	0	0	0	0	0	0	0	0	0	0	0	0	0	0	774	0	822	0	522	0	0	0	1253	0	0	0	0	0	624	0	0	691	0	0	0	0	0	0	920	0	0	0	0	0	0	0	0	0	0	0	0	0	0	1195	0	0	0	0	0	0	0	0	0	0	579	0	
0	0	0	0	0	0	0	0	0	0	0	0	0	1349	0	0	0	0	0	1422	0	0	0	0	0	0	0	0	0	0	0	0	0	0	0	0	0	0	0	655	0	1073	0	0	0	0	0	0	621	0	0	0	0	0	0	0	0	0	690	0	0	0	0	0	0	0	0	0	1491	0	0	0	0	0	0	0	735	0	0	0	0	0	0	0	0	0	0	0	0	0	0	0	0	0	0	0	0	0	0	0	
0	0	769	981	0	0	0	0	0	0	0	0	0	927	0	0	0	0	0	0	0	0	0	0	0	0	0	0	0	0	0	0	0	0	0	0	655	0	0	0	1056	0	0	0	0	0	0	0	962	0	0	0	0	0	0	0	0	1008	0	0	0	0	0	0	0	0	0	0	0	0	0	0	0	710	1047	0	0	0	0	0	0	0	0	0	0	0	0	1227	0	0	578	0	637	0	1018	0	0	0	0	0	
0	0	0	1387	0	0	0	0	0	0	0	0	0	0	0	0	0	0	919	0	0	0	0	1340	0	0	0	0	0	0	0	0	0	0	0	0	0	0	0	0	0	509	0	0	0	0	0	0	654	1485	0	0	0	0	0	784	0	0	0	0	0	0	0	0	0	0	0	1012	0	0	1421	0	0	0	0	0	0	0	0	1093	549	0	0	616	0	0	0	0	0	0	0	0	0	0	0	0	0	0	0	0	
0	0	0	0	0	1007	0	1137	0	0	0	0	0	0	0	0	0	0	0	0	0	0	0	0	0	0	0	0	0	1166	0	0	0	0	879	0	0	0	0	0	0	1247	0	0	0	0	0	0	0	0	0	0	0	0	0	0	0	915	0	0	0	0	0	0	0	0	0	0	0	1035	0	0	0	0	0	0	1352	0	0	0	0	0	0	0	0	0	0	0	0	0	0	0	0	0	0	0	0	0	0	0	
0	0	0	0	0	1120	0	0	0	0	0	0	0	0	0	0	0	0	0	0	0	0	0	0	0	0	0	0	0	0	0	0	0	0	0	0	0	0	0	718	0	815	0	0	0	0	0	0	0	0	0	0	0	0	0	0	656	0	0	0	0	0	0	0	0	0	0	790	0	0	0	1128	0	0	0	0	0	0	0	1270	0	0	0	0	0	0	0	0	0	0	0	0	572	0	0	0	0	0	0	0	
838	0	0	0	1458	0	0	0	711	0	0	0	1457	0	0	0	0	0	0	0	0	0	0	0	1391	0	0	0	0	0	0	0	0	0	0	0	0	0	0	0	0	0	0	0	0	0	0	0	714	0	0	1221	773	0	0	0	0	0	0	0	1078	0	0	0	0	0	0	0	560	0	0	0	0	0	0	0	0	0	0	0	0	0	0	0	0	0	0	1278	0	0	0	0	0	0	0	0	0	0	0	0	
0	0	0	0	0	0	0	1443	709	0	0	0	0	0	0	0	0	0	0	0	0	0	1476	0	0	0	841	0	0	0	0	0	0	0	0	0	0	0	0	0	0	0	0	0	0	0	0	0	0	0	0	0	1456	0	650	0	0	0	0	1298	0	0	511	0	0	781	0	0	0	0	0	0	0	0	0	0	0	0	953	0	0	0	1125	0	0	0	0	0	0	1184	0	0	0	0	0	0	0	0	0	0	
613	0	1032	0	0	0	0	0	0	0	0	0	0	1185	0	0	0	0	0	0	0	0	0	0	0	0	0	0	0	0	0	0	0	0	627	0	0	0	0	1352	0	0	0	0	1252	0	0	0	0	0	0	0	0	0	0	0	0	0	0	0	0	0	0	0	0	0	0	0	0	0	0	0	0	0	851	0	0	0	695	0	0	0	0	625	0	0	0	0	0	0	0	0	0	0	0	0	0	0	767	0	
1409	0	1207	0	0	0	0	0	0	0	0	0	0	0	0	0	0	1324	0	0	0	0	0	0	0	0	0	0	0	0	0	0	0	0	0	0	0	0	0	0	0	0	0	0	0	0	0	0	0	0	0	0	0	0	0	579	0	0	0	0	0	0	0	0	0	0	0	0	0	0	0	0	0	0	0	0	0	0	0	0	0	1497	0	1209	0	0	0	0	0	0	0	0	0	0	0	0	0	0	0	0	
0	0	0	0	0	0	0	0	0	0	0	0	0	0	798	0	0	0	0	0	0	0	0	0	0	0	0	0	0	0	0	0	1206	0	0	0	0	0	785	1118	0	0	0	968	0	0	0	1134	0	0	0	0	0	0	0	0	0	0	0	760	0	0	0	0	0	0	0	0	0	903	0	0	0	0	960	0	0	1473	0	0	0	0	0	0	0	0	0	1395	1121	0	1231	0	0	0	0	0	0	0	0	0	
1110	0	0	0	942	0	0	0	0	0	0	0	0	0	0	0	0	0	0	0	0	0	0	0	0	0	0	0	579	1471	0	0	0	0	0	0	0	0	0	0	0	0	0	0	674	0	0	0	0	0	0	0	0	570	0	0	0	0	0	0	0	0	0	0	0	0	0	0	0	0	0	0	0	0	537	625	0	0	0	0	0	0	0	0	0	0	0	0	0	0	0	0	547	0	0	0	0	0	0	0	
0	0	0	0	0	0	0	0	0	0	0	0	0	0	0	0	0	833	0	0	0	1304	0	0	0	1005	0	0	611	0	0	0	0	0	0	0	0	0	1499	0	0	0	0	0	0	0	0	1300	0	0	0	0	0	0	0	0	0	0	0	0	0	0	0	0	0	0	0	0	0	0	0	0	0	0	0	826	886	0	0	0	0	0	0	0	0	0	0	0	0	0	0	0	0	0	0	0	562	0	0	0	
0	0	0	0	0	0	0	0	0	0	0	0	578	505	0	0	0	0	0	540	0	534	0	0	0	0	0	0	0	0	0	0	0	0	0	0	0	0	0	0	0	0	0	0	0	0	0	0	0	0	0	0	0	0	0	0	0	0	0	0	0	0	717	792	0	0	0	0	0	0	0	1011	0	0	0	0	996	0	0	0	0	0	0	0	0	0	0	734	0	0	0	0	0	0	0	0	0	0	0	0	
0	856	0	0	0	0	616	0	0	0	0	0	0	1104	0	0	0	0	1001	0	0	1348	0	0	0	0	0	0	759	0	0	684	0	0	0	0	0	0	0	0	0	0	0	0	0	0	0	0	0	0	0	0	1363	0	0	0	0	0	0	0	0	0	0	0	0	559	0	0	0	0	868	0	0	0	0	1127	0	0	0	0	0	0	0	0	602	0	0	0	0	0	0	0	0	0	0	0	0	0	665	0	
0	1478	0	0	0	0	0	0	0	0	0	670	1300	0	0	0	0	0	0	0	1004	0	0	0	987	509	0	0	0	1487	0	0	0	0	0	0	1008	0	0	0	0	1253	0	0	0	0	0	0	0	0	0	0	0	0	0	0	0	0	0	0	0	0	0	0	0	0	0	0	0	0	0	0	0	0	0	0	0	0	0	0	0	0	0	0	0	0	0	0	0	0	1360	1095	0	0	0	0	775	0	0	0	
0	0	0	0	0	0	0	0	0	0	0	0	0	523	0	0	936	0	0	0	0	0	0	0	0	0	0	0	0	0	1239	0	0	0	0	0	1141	0	1488	0	0	0	0	1110	0	0	0	0	0	0	0	0	0	0	0	0	1187	964	0	0	0	0	0	0	0	0	0	0	0	0	0	0	0	0	0	0	0	0	1226	0	0	0	0	0	0	0	0	0	689	0	0	0	0	0	0	0	0	0	0	0	
0	0	0	0	0	0	0	0	0	0	0	503	0	0	0	0	0	721	0	0	0	0	0	0	0	0	0	0	0	0	555	0	0	0	0	0	0	0	0	0	0	0	0	0	0	0	0	0	0	0	0	0	0	0	0	0	0	0	0	0	0	0	0	1197	0	0	0	0	0	0	0	0	0	0	0	0	1320	880	0	0	0	0	0	0	0	0	0	0	0	0	0	0	0	856	0	0	0	980	0	0	
1039	0	976	0	0	0	0	0	0	0	0	0	0	0	0	0	0	0	610	0	0	1277	0	0	0	0	0	0	0	0	0	560	0	0	0	0	0	0	0	0	0	0	0	0	0	524	0	0	0	0	0	0	0	0	0	0	0	0	0	0	0	0	0	0	0	0	0	0	1137	0	0	0	0	0	0	0	0	0	0	0	0	0	0	0	0	0	0	765	0	0	0	0	0	0	0	0	0	0	0	0	
0	0	0	0	0	0	0	0	0	0	0	1193	0	0	0	0	0	0	0	705	0	0	0	0	0	0	0	0	0	0	0	0	658	0	0	0	0	0	713	0	0	0	0	0	0	1447	0	0	0	0	0	0	0	0	0	0	0	0	936	0	0	0	0	0	0	0	0	0	1120	0	1087	0	0	0	0	1208	0	0	1365	0	0	1304	0	0	0	0	642	0	0	0	0	0	0	0	0	0	0	0	0	0	
0	0	0	0	0	0	0	0	1130	0	0	0	0	889	0	0	0	0	0	0	662	0	0	0	0	0	0	0	0	0	0	0	0	0	0	0	0	0	0	0	0	0	0	0	0	0	0	0	0	0	0	0	0	0	0	0	0	0	0	0	0	0	0	1387	0	0	0	830	0	0	0	0	0	0	0	0	684	0	0	0	0	1028	0	0	1461	0	0	0	0	646	0	0	0	0	0	0	0	0	0	0	
0	0	0	0	0	0	0	0	0	0	0	0	0	0	0	747	0	0	0	693	0	0	705	0	0	0	0	0	0	0	0	0	0	0	0	0	0	0	0	0	0	0	0	0	0	0	0	0	0	0	0	0	0	0	0	0	0	0	0	0	0	0	0	0	0	0	0	0	0	0	0	0	0	0	0	0	0	924	822	0	0	0	0	0	0	0	0	0	0	0	0	0	853	0	0	0	0	1211	0	1244	
0	0	0	1008	0	0	0	0	0	0	0	0	0	0	1283	0	0	0	0	0	0	0	0	0	0	1392	0	0	0	0	0	0	0	0	0	0	0	0	0	0	0	0	0	0	0	0	0	0	0	0	841	0	0	0	0	0	787	0	0	0	0	1016	1480	0	0	0	0	0	0	0	0	0	0	0	0	0	0	0	0	0	0	0	0	0	0	0	0	0	0	0	0	0	0	0	0	0	0	0	0	0	
0	0	0	0	0	0	1033	0	0	0	0	0	0	0	0	0	0	0	900	0	0	0	0	0	0	0	1362	0	0	0	1116	1135	0	0	724	800	0	0	0	0	0	0	0	0	0	0	0	0	1119	0	0	0	0	0	0	0	0	0	0	0	0	0	0	954	0	0	0	0	0	1146	0	0	0	0	0	0	0	0	0	1445	954	0	1369	0	0	0	0	0	0	0	0	0	0	857	1112	0	627	0	0	0	
0	0	0	0	0	0	0	0	0	0	0	0	1349	0	0	1171	0	0	0	0	0	0	0	0	0	0	0	0	0	0	0	0	0	0	0	0	0	0	0	0	0	0	0	0	0	0	0	0	0	1203	0	0	1330	0	0	0	574	0	733	0	1395	0	0	0	0	0	0	0	0	0	861	0	0	0	0	0	0	0	0	0	0	1147	0	0	0	0	0	0	0	0	0	0	0	0	0	0	0	0	0	0	
0	0	0	0	0	0	0	0	0	0	0	0	0	0	0	0	0	0	0	0	0	0	0	928	0	0	0	0	0	0	1349	0	0	0	0	0	0	0	0	1161	0	0	0	976	923	0	0	0	0	0	0	0	0	0	0	0	0	0	0	0	0	0	0	0	0	0	0	0	0	0	0	0	0	0	0	0	0	0	1470	0	0	1110	0	0	0	0	0	0	0	0	0	0	0	881	0	0	0	0	0	0	
0	0	0	0	0	0	0	0	0	0	0	0	0	0	0	0	0	0	0	0	0	0	0	0	0	1047	548	0	0	0	0	883	580	0	0	0	0	0	0	0	0	0	0	0	0	0	632	0	0	0	0	0	1440	0	0	0	0	0	0	516	0	0	0	0	0	0	0	0	0	0	0	0	0	0	0	0	0	0	0	0	0	0	0	0	0	0	0	0	0	0	0	0	0	0	604	0	1439	567	0	0	
0	0	0	0	0	0	0	0	0	0	0	0	0	0	0	0	0	0	0	0	0	0	0	0	0	0	0	0	0	0	860	0	0	0	0	1189	0	0	0	0	858	0	0	0	0	0	0	0	0	0	0	0	0	596	0	0	0	0	0	0	0	0	0	0	0	0	759	0	0	1325	675	0	0	0	0	0	0	0	0	0	0	0	777	0	0	0	0	0	0	0	587	1458	0	1169	0	0	0	0	0	0	
0	0	762	0	0	897	0	0	0	0	0	0	0	0	0	0	0	0	0	0	0	0	0	0	1232	858	0	0	0	0	0	0	0	0	0	0	0	0	0	0	0	0	0	0	0	0	951	0	0	0	1242	0	0	0	0	0	0	0	0	0	0	0	0	1426	0	0	0	0	0	0	0	0	0	917	855	0	1162	0	0	0	0	0	0	0	0	0	0	0	0	0	0	0	0	0	0	0	0	0	0	0	
0	0	0	0	0	0	0	1476	0	0	842	0	600	0	0	0	0	0	822	994	0	0	0	0	0	0	0	0	0	0	692	0	0	0	0	0	0	0	0	0	0	0	0	0	0	0	0	0	1034	1464	805	549	0	0	0	1433	0	0	0	0	0	0	0	0	0	1046	0	0	0	0	0	1162	0	0	0	0	1411	0	0	0	0	0	0	0	0	0	0	1004	0	0	0	0	0	0	0	0	0	0	0	0	
0	1148	0	0	0	0	0	0	0	0	0	0	910	1095	769	0	0	0	0	0	0	768	619	607	0	1348	0	534	0	0	0	0	0	0	1153	0	0	0	0	0	0	0	0	0	0	0	0	0	0	0	0	0	0	0	0	0	839	0	0	0	0	0	0	0	0	0	0	0	758	0	0	0	0	1136	0	0	0	0	0	0	0	758	0	0	0	0	0	0	0	0	0	0	0	0	0	0	0	0	0	0	
0	0	0	0	0	0	0	0	0	0	1498	0	0	0	0	0	932	0	0	0	0	0	0	0	1455	0	0	889	0	0	0	0	0	0	0	0	0	0	0	1116	0	0	0	0	0	0	0	0	0	0	0	0	0	0	0	650	745	0	0	1440	1292	0	0	0	0	0	0	1497	0	0	0	0	1095	0	0	1183	0	0	0	0	0	808	0	0	0	0	0	0	0	0	0	0	0	0	1283	0	0	0	0	0	
0	0	0	0	0	0	0	0	0	0	0	0	0	0	1104	0	0	0	0	0	846	0	0	0	0	0	0	0	0	0	0	0	0	0	0	0	0	0	0	0	0	0	0	0	0	707	0	0	0	0	0	0	0	0	0	0	0	0	0	0	0	0	0	0	0	0	0	0	0	0	0	0	0	0	0	0	0	0	0	0	613	0	0	0	0	0	0	0	0	0	0	0	523	576	0	0	0	0	651	0	
0	0	0	0	0	0	0	0	0	0	0	0	856	0	0	0	0	0	0	0	0	0	1344	0	0	0	0	0	0	0	0	0	0	1171	0	0	0	989	0	0	0	0	884	0	0	0	0	0	0	0	0	0	0	1180	0	0	0	0	0	633	1000	1292	0	0	0	0	0	0	0	0	1382	0	0	0	0	0	0	1490	0	0	1466	0	0	0	0	0	0	0	0	0	0	0	838	0	0	0	0	1292	1002	0	
0	512	0	0	802	0	0	0	0	0	0	0	0	0	0	0	0	0	0	0	0	0	0	0	0	0	0	0	0	0	0	0	0	1260	0	1165	0	0	0	1200	0	0	0	0	0	0	0	0	0	0	0	616	0	0	0	0	0	0	0	0	0	0	0	0	0	0	0	0	0	0	0	0	0	0	1078	0	0	0	816	0	1299	1257	0	0	0	0	0	0	0	0	0	0	1208	0	0	0	837	0	0	0	
0	0	0	1040	0	0	0	0	0	0	0	0	0	0	0	0	0	0	0	0	0	0	0	0	0	0	0	989	0	621	0	0	0	0	0	0	0	0	0	0	0	1051	0	0	0	0	0	0	0	0	0	0	1017	0	0	0	0	0	0	0	0	0	0	0	0	0	0	0	0	0	0	0	0	0	0	0	0	0	0	0	0	0	1469	0	0	1018	0	0	0	0	0	0	0	0	0	0	1132	0	0	0	
0	0	0	0	0	0	0	0	1480	0	0	0	0	0	0	0	0	0	0	0	0	659	0	0	1330	1033	0	0	0	0	0	894	0	0	0	0	0	0	0	0	0	0	0	540	0	0	0	0	0	0	551	0	0	0	0	0	0	0	0	0	0	512	0	0	0	0	0	0	0	1045	0	0	0	0	0	0	0	0	0	0	0	523	0	0	0	0	0	0	0	0	0	0	0	0	0	0	0	0	0	0	
0	0	0	0	0	0	0	0	0	1353	0	1261	0	0	0	0	0	0	0	0	0	0	0	0	534	0	0	0	0	0	0	0	0	0	0	0	0	0	0	0	0	0	0	0	0	0	0	0	0	0	0	0	0	0	0	0	0	0	0	0	0	0	0	0	0	0	0	0	0	0	0	0	1006	0	0	0	0	0	0	0	0	0	0	0	0	0	0	0	0	0	516	0	0	0	0	0	0	0	0	0	
546	861	0	0	0	0	0	0	0	722	0	0	0	0	0	0	0	0	0	0	0	0	0	0	0	0	0	0	942	0	0	0	0	0	0	813	0	0	0	0	0	0	0	0	0	0	0	0	0	0	0	0	0	0	0	733	0	0	0	0	0	0	0	0	0	0	0	0	0	0	0	0	0	0	0	0	796	0	0	0	0	0	0	0	0	0	0	0	0	0	1257	0	0	0	0	0	0	0	0	0	
0	0	0	0	0	0	0	0	0	0	0	0	0	0	0	0	0	0	0	0	0	0	0	0	0	0	0	0	598	0	0	0	0	0	545	0	0	0	0	0	0	0	0	0	0	921	0	0	0	1491	0	0	0	0	0	0	0	0	1250	0	0	0	0	0	0	0	0	0	0	1414	556	0	0	0	0	0	0	0	620	0	0	0	0	0	0	0	0	0	0	0	0	0	0	0	0	0	1000	0	0	0	
0	0	1267	0	0	0	0	0	0	0	0	0	0	0	0	0	1260	0	1202	0	0	0	0	0	0	0	0	0	861	0	0	0	0	0	0	0	0	0	0	0	0	0	0	560	0	0	0	0	0	0	0	0	0	925	0	0	0	0	0	0	1239	0	0	0	816	0	0	0	0	0	0	0	0	0	0	734	1089	0	0	1365	0	0	866	0	0	0	0	0	0	0	0	0	0	616	0	0	0	1155	0	0	
0	0	0	0	0	0	0	0	0	0	888	0	0	0	0	0	0	0	0	0	0	0	0	0	0	0	0	0	0	1184	0	938	0	0	976	0	0	1123	0	0	0	1010	0	1468	0	0	0	0	0	0	0	0	0	0	0	0	0	0	0	0	0	813	0	0	0	0	0	0	0	0	0	0	0	0	0	0	0	0	0	0	0	0	0	0	0	1221	0	0	0	0	0	0	0	0	0	0	0	0	0	0	
0	0	0	0	0	0	0	0	0	0	0	0	0	0	0	0	0	0	0	0	0	1161	0	0	0	0	0	0	0	0	0	0	0	0	0	1080	1108	0	0	0	0	0	0	0	0	0	0	0	0	0	0	1019	0	0	0	0	1489	1160	0	607	0	0	0	0	1491	0	0	0	0	0	0	0	0	0	0	0	0	0	0	0	0	0	0	0	0	0	0	0	0	0	0	0	0	842	0	0	0	0	0	0	
0	0	0	0	0	0	0	0	0	0	0	0	0	0	0	0	0	0	0	0	0	700	0	0	0	0	0	0	0	0	0	0	0	0	0	0	0	0	0	0	0	0	0	0	0	0	0	0	0	0	0	0	0	0	0	0	0	0	0	0	0	0	1249	0	1155	1022	0	0	0	0	0	0	624	0	0	0	0	0	0	0	1401	896	0	0	0	0	0	861	0	0	0	0	0	1282	0	0	0	0	0	0	
0	0	0	0	0	0	0	641	0	0	0	0	0	0	0	0	0	0	0	0	0	0	0	665	1059	0	0	0	0	0	0	1018	1478	0	0	0	0	0	0	0	0	0	1379	0	0	860	1450	0	0	0	0	0	0	0	0	0	0	0	0	0	0	0	0	0	0	0	0	0	0	0	0	0	0	940	0	0	0	0	0	0	0	0	0	589	0	0	0	0	0	0	0	0	0	0	0	0	0	1164	0	0	
0	0	0	0	0	0	0	0	0	0	1382	0	0	1208	0	0	0	0	0	0	646	0	1026	0	0	0	0	0	0	0	0	0	0	0	0	0	0	0	0	0	0	0	0	0	0	1062	0	0	0	0	0	0	0	0	0	932	577	0	0	1283	0	0	0	0	0	0	0	0	0	0	0	0	0	0	0	0	0	0	0	0	0	0	0	0	0	0	0	0	0	0	0	0	1469	0	0	0	0	0	0	0	
0	0	0	0	0	0	0	0	0	0	0	0	0	0	0	0	669	0	0	0	0	0	1187	0	0	0	0	801	0	0	0	0	0	0	0	0	0	584	0	0	0	0	893	0	0	895	0	0	0	529	0	0	0	0	1412	0	0	1333	0	0	0	0	0	1098	0	0	0	1276	0	0	0	0	0	0	0	0	0	0	0	0	0	0	0	836	0	0	0	0	0	0	0	0	0	0	0	0	606	0	0	0	
0	0	0	0	0	0	0	0	0	0	0	0	0	0	0	0	0	0	0	679	0	0	0	0	0	0	0	0	1110	0	0	0	0	0	0	1210	0	0	0	0	0	0	0	0	0	0	0	0	0	0	0	0	0	0	0	1298	0	726	0	0	0	0	0	0	0	0	626	0	0	984	0	0	0	0	0	0	640	0	0	0	0	0	0	0	0	0	0	0	0	0	0	836	0	0	0	0	0	0	0	0	
0	0	0	0	0	0	0	0	0	0	0	1038	0	1265	0	0	0	0	857	0	0	0	0	0	0	0	0	0	0	0	0	0	0	0	626	0	0	0	0	0	0	0	0	0	0	0	0	0	0	1261	1407	0	0	0	0	0	0	0	0	0	0	0	0	0	981	0	0	572	0	0	1377	0	0	0	0	0	0	0	0	0	0	0	708	1026	0	939	0	0	0	0	1131	0	0	0	0	0	0	880	0	0	
0	0	0	0	0	0	0	0	0	0	1058	0	0	1105	0	0	0	0	0	0	0	507	0	0	0	0	0	0	0	0	0	0	0	0	0	0	0	0	0	0	0	0	0	0	739	0	0	0	0	961	0	0	0	0	0	0	0	0	0	0	0	0	0	0	0	0	0	0	0	0	0	0	0	500	0	0	0	501	900	0	0	0	0	0	0	0	0	1180	1020	0	0	0	0	0	0	1079	0	0	1076	0	
0	0	1194	0	0	0	0	1329	0	0	0	0	0	0	0	0	0	0	0	0	0	0	747	0	0	0	0	0	0	0	0	0	0	0	1057	0	0	0	0	663	0	0	0	1305	0	0	0	0	0	0	0	0	0	0	0	0	0	0	0	0	0	0	876	0	1170	0	0	0	0	943	0	0	0	0	0	0	0	0	0	0	0	1010	0	0	658	537	0	0	0	0	0	0	0	0	0	0	0	0	0	0	
1388	0	0	0	1260	586	0	0	0	1433	0	0	0	0	0	1354	0	0	0	0	0	0	0	0	0	0	0	0	0	0	866	0	0	0	0	0	0	0	0	1382	0	0	0	0	1277	0	0	0	0	0	0	0	1172	0	0	0	0	0	0	0	594	0	0	1364	0	0	0	0	0	0	0	0	0	618	0	0	0	0	0	911	0	0	0	0	0	0	0	826	0	0	0	0	0	0	0	0	548	0	0	0	
0	0	0	0	0	0	0	0	0	0	0	0	0	0	0	0	0	0	0	0	0	0	0	0	0	0	0	0	0	0	0	0	0	0	0	0	0	0	0	517	0	1121	0	1112	1392	0	0	0	0	0	0	0	0	0	0	0	0	0	0	0	0	0	0	0	0	0	0	0	1228	0	0	0	0	0	513	0	743	0	0	0	1033	0	0	0	0	0	0	0	0	0	0	0	0	0	0	0	0	0	0	0	
0	0	0	0	0	0	0	0	0	0	0	0	0	0	0	1132	1333	0	0	0	0	0	1446	0	0	0	0	0	0	0	0	0	0	0	0	0	0	0	0	0	0	0	0	0	0	0	0	0	0	0	0	0	1149	0	0	0	0	0	0	0	0	0	0	0	0	763	0	0	0	0	848	0	502	0	0	0	0	0	0	0	562	0	0	0	770	0	0	0	0	0	0	0	0	0	0	0	0	0	0	0	
0	0	0	1152	0	0	0	0	0	1430	0	0	0	824	0	0	0	0	1328	0	0	0	0	0	0	0	895	0	0	0	0	0	0	0	0	0	0	0	0	0	0	0	0	0	0	0	0	0	0	0	0	0	0	0	0	0	0	0	0	0	0	0	0	0	0	0	0	0	0	0	0	0	0	0	0	0	0	0	0	0	0	0	0	0	0	0	0	0	1401	0	0	0	0	0	0	0	0	871	0	0	
0	0	0	0	0	0	0	0	0	0	1271	0	0	0	0	0	0	0	1230	0	0	0	1074	0	0	0	0	0	0	0	0	0	0	0	0	0	0	0	500	0	0	0	0	0	0	0	0	0	0	0	0	0	0	0	0	0	0	0	0	0	0	0	0	0	0	0	0	0	0	0	0	0	0	0	980	0	0	1397	0	0	0	0	0	0	0	0	0	0	0	0	531	0	0	0	0	0	0	0	0	0	
566	0	0	0	0	0	0	0	0	0	0	0	0	0	0	0	0	0	0	0	0	0	0	0	0	0	0	0	0	1272	0	0	0	0	0	0	0	0	0	0	0	0	0	0	0	0	0	0	0	0	0	0	0	0	0	0	0	0	0	824	1068	0	0	0	0	0	1252	0	0	0	589	0	0	0	0	0	0	0	0	0	0	0	0	1470	0	0	0	0	0	0	0	0	0	1397	0	0	0	0	0	0	
0	0	0	0	0	0	0	0	0	0	0	0	0	1375	0	945	0	0	0	0	0	0	0	0	0	0	0	0	0	0	0	0	0	0	0	0	0	0	0	0	0	0	0	0	0	0	0	0	0	0	0	0	0	0	0	0	0	0	0	0	0	0	0	0	0	0	0	0	0	0	0	844	0	0	0	0	967	0	0	0	0	0	0	0	0	0	0	0	0	0	1218	0	0	0	0	0	0	1389	0	0	
0	0	1236	0	0	0	0	0	0	565	0	0	0	0	520	1065	0	0	1448	0	0	0	0	0	0	0	0	0	0	0	0	0	0	0	0	0	0	0	1038	0	0	0	1356	0	0	0	0	0	0	0	0	0	0	0	0	0	0	0	0	0	0	0	0	0	0	0	0	0	893	0	0	0	0	0	0	0	0	0	0	0	0	0	0	0	0	875	1477	0	0	0	0	0	0	0	0	0	0	0	0	0	
0	0	0	0	0	0	0	0	0	0	0	0	0	1298	0	0	0	0	0	505	0	573	0	0	1410	0	0	0	0	0	0	0	0	0	0	0	0	0	0	0	603	0	0	0	0	0	0	0	0	0	0	0	0	648	0	0	0	0	0	0	0	1277	0	0	0	0	0	0	0	0	0	0	0	0	0	0	0	0	0	0	0	0	0	0	0	596	0	0	0	0	0	0	0	0	0	0	0	0	0	751	
0	0	0	0	0	0	1228	0	0	0	0	0	0	0	1148	0	0	0	0	0	710	0	0	0	0	0	0	649	0	0	653	0	0	0	0	0	1298	0	0	1185	0	0	0	0	0	0	0	0	0	0	0	0	0	0	0	0	0	0	0	0	0	0	0	0	0	0	0	0	0	0	0	0	0	0	1267	0	0	1198	0	0	0	0	0	0	0	0	0	0	0	0	0	0	0	0	0	0	1081	0	0	0	
0	0	0	0	0	1264	0	0	0	0	0	0	0	0	0	642	0	0	0	0	0	0	0	0	0	0	0	862	0	0	0	0	0	0	0	0	0	0	0	0	0	0	639	0	0	0	0	0	0	0	0	0	0	556	1266	0	0	0	0	0	0	0	0	0	0	0	0	0	0	0	0	0	0	0	0	0	0	0	0	0	0	0	0	1250	0	0	0	0	0	0	0	0	0	0	0	0	0	0	0	0	
0	0	0	0	616	566	0	0	1049	0	0	813	0	0	0	0	0	0	0	0	0	0	0	0	0	0	0	0	0	0	0	0	0	0	1114	0	0	1138	0	0	735	0	0	546	0	0	0	0	0	1043	0	0	0	0	0	0	0	0	1137	1025	0	0	0	0	0	0	0	0	0	0	0	0	0	0	0	0	0	1465	0	0	0	0	0	0	0	0	620	0	0	0	0	0	0	0	0	0	0	547	0	0	
1266	0	0	0	739	0	0	0	0	0	0	0	0	581	0	0	0	1011	0	0	0	0	0	0	0	0	0	0	0	0	0	0	0	0	0	0	0	0	0	0	0	0	0	0	0	0	0	0	0	0	0	1270	0	0	0	0	0	0	0	0	1204	0	0	0	0	0	0	1158	0	0	0	0	0	0	0	0	0	0	0	0	0	0	0	0	0	0	0	1454	0	0	0	0	0	0	0	0	0	0	0	0	
1076	0	0	775	0	0	0	0	0	0	0	0	0	0	0	0	0	0	0	0	0	0	0	0	0	0	0	0	0	0	0	0	0	0	0	0	0	0	0	0	0	0	0	1445	0	0	0	0	0	0	0	0	982	0	0	0	0	0	0	0	787	0	0	0	792	0	0	0	0	0	0	0	0	0	0	0	1325	0	0	551	0	0	0	0	0	0	743	0	0	0	500	0	0	0	0	0	0	0	0	0	
0	0	0	0	0	0	0	0	0	0	0	0	0	0	1429	1036	0	0	0	0	0	0	0	0	0	0	0	0	0	0	0	0	0	0	0	0	0	0	0	0	0	0	0	0	0	0	0	0	0	0	0	0	0	0	0	0	0	0	0	0	0	0	0	0	0	0	0	0	0	0	0	0	0	0	0	0	0	0	0	0	0	0	0	0	0	0	0	0	0	0	0	0	0	0	0	0	0	0	0	0	
0	0	0	0	729	0	0	0	1378	0	0	0	0	0	0	0	0	0	0	0	0	0	0	0	0	0	0	0	0	0	0	0	1215	0	0	0	0	0	0	0	0	0	1439	0	0	0	1368	0	0	1106	0	0	0	0	0	570	0	0	0	0	0	0	0	0	0	0	1088	0	0	0	0	0	0	848	0	0	0	0	0	0	0	0	0	0	0	0	0	1391	1188	0	0	0	0	0	0	0	0	0	742	0	
0	0	0	0	0	0	0	0	0	0	0	0	0	0	0	0	0	0	0	0	0	0	0	0	0	0	0	0	0	931	0	0	0	0	0	0	0	0	0	0	0	0	0	0	0	0	0	608	0	0	0	0	0	0	0	0	0	0	0	0	711	0	0	0	660	1359	0	0	0	0	0	0	0	0	0	0	0	0	0	0	0	0	0	0	0	0	0	0	0	0	0	0	0	0	0	0	0	0	972	0	
0	0	0	0	1115	0	0	0	0	657	0	0	0	0	0	0	0	0	735	0	0	0	0	0	0	0	0	0	0	0	0	0	0	0	0	0	0	0	0	0	0	0	0	0	0	0	0	0	1432	0	0	1048	1319	652	0	0	0	0	0	0	1239	0	0	851	0	0	0	0	0	0	0	0	0	0	0	0	0	0	0	0	0	0	0	0	0	0	0	0	0	0	0	0	820	0	1169	0	0	503	0	0	
0	0	0	1199	0	0	0	0	0	0	0	0	0	0	0	0	0	0	0	684	1385	0	0	0	1337	0	1309	0	0	0	0	0	0	0	0	0	0	0	0	0	0	0	0	0	556	0	0	0	0	0	0	0	0	0	0	0	0	0	1005	0	0	0	0	1424	0	0	0	0	0	0	0	0	0	0	0	0	0	885	0	0	0	0	0	1016	0	0	0	0	0	0	0	0	0	0	0	567	0	0	0	0	
0	0	1357	1466	0	0	0	0	0	0	0	0	0	0	1065	0	0	0	0	0	0	0	0	714	0	0	0	0	0	0	0	0	0	0	0	0	0	703	0	0	0	0	0	0	0	0	0	0	0	0	0	0	0	0	0	0	0	0	0	0	0	722	0	0	0	1239	0	0	0	0	0	0	0	0	0	1455	0	853	0	0	0	0	0	0	0	0	0	0	0	0	0	0	0	0	0	0	0	0	0	0	
0	0	0	0	792	0	0	0	0	0	0	0	0	0	0	0	0	0	0	0	0	0	1243	0	0	0	0	0	0	1029	1237	0	0	0	0	0	0	0	0	0	0	0	0	558	0	0	0	0	0	0	0	0	0	1200	1136	0	0	892	0	0	665	0	0	0	0	0	0	0	0	1383	0	0	0	0	0	0	0	0	0	0	0	752	0	0	0	0	0	0	0	0	0	0	1497	0	0	0	0	0	0	0	
0	0	0	0	0	0	1484	0	0	0	0	0	0	589	0	776	0	0	0	0	0	0	0	0	0	0	0	0	0	0	0	0	0	0	1014	0	0	0	0	0	0	0	0	0	0	0	0	0	0	0	0	0	0	0	0	0	0	0	0	0	0	0	1094	0	0	0	0	0	0	0	0	0	646	0	0	0	0	0	0	0	1160	1304	0	0	0	0	0	0	0	0	0	0	0	0	0	0	0	0	0	0	
1323	0	0	0	0	0	0	1159	0	0	0	0	597	0	0	0	0	0	0	1006	0	939	0	0	0	0	0	0	0	0	0	0	0	0	0	0	0	0	0	0	0	0	0	1208	0	0	0	881	0	0	0	0	0	0	0	0	0	0	0	0	0	1362	0	0	0	0	0	0	0	1160	0	0	0	1098	0	0	0	0	0	0	0	0	1440	0	0	0	0	0	0	0	0	0	0	1499	0	0	0	0	0	0	
1279	0	0	0	0	0	0	0	0	0	0	0	0	0	591	0	0	0	0	1309	0	0	0	0	0	0	0	0	714	0	0	0	0	0	1443	0	0	0	1102	0	0	0	0	0	0	0	0	588	0	0	0	0	1006	0	0	0	0	0	0	0	0	0	0	0	0	0	0	0	0	0	0	0	919	0	1317	0	0	0	0	0	0	0	0	0	0	0	0	0	0	0	0	1368	0	0	0	0	0	0	0	0	
0	0	0	0	0	0	0	0	0	0	1461	0	0	0	0	0	0	0	0	986	0	0	0	0	576	0	0	1444	0	0	0	0	0	0	0	0	0	0	0	1489	0	0	0	0	0	0	0	0	0	0	0	0	0	739	0	0	0	1157	0	0	0	0	0	0	0	0	0	0	0	0	0	0	0	0	0	1216	0	773	0	0	0	0	0	0	0	0	0	0	0	0	0	0	0	0	0	0	0	0	0	0	
0	1285	0	0	0	0	1079	0	0	1183	0	0	0	0	0	0	0	0	0	0	0	0	0	0	0	0	0	739	0	889	1154	0	0	0	0	0	1458	0	0	0	0	0	698	0	0	0	0	0	0	0	0	820	1425	0	0	0	0	0	0	0	0	0	0	0	1132	0	0	0	0	0	0	0	0	816	0	0	0	0	0	0	0	0	0	0	633	0	0	0	0	0	729	0	0	0	0	0	0	0	0	0	
